filename,joint,x,y,z,u,v,isincluded
0000000.jpg,0,0.532589316368103,0.31770139932632446,-3.6430556065170094e-05,340,152,1
0000000.jpg,1,0.5137489438056946,0.3728373944759369,0.027042433619499207,328,178,1
0000000.jpg,2,0.5205782651901245,0.418976366519928,0.040173038840293884,333,201,1
0000000.jpg,3,0.538926899433136,0.44867926836013794,0.05489606037735939,344,215,1
0000000.jpg,4,0.5581326484680176,0.4596533179283142,0.07158727943897247,357,220,1
0000000.jpg,5,0.5605170726776123,0.4383884370326996,0.00440770061686635,358,210,1
0000000.jpg,6,0.5988253951072693,0.47658437490463257,0.021642642095685005,383,228,1
0000000.jpg,7,0.618604302406311,0.4944455623626709,0.03361723944544792,395,237,1
0000000.jpg,8,0.6345729231834412,0.5045409798622131,0.042492836713790894,406,242,1
0000000.jpg,9,0.5803351998329163,0.4162985384464264,0.007173927500844002,371,199,1
0000000.jpg,10,0.6110745072364807,0.4425979256629944,0.04576822370290756,391,212,1
0000000.jpg,11,0.6060671806335449,0.44144871830940247,0.07827820628881454,387,211,1
0000000.jpg,12,0.5978072881698608,0.43347713351249695,0.09343910962343216,382,208,1
0000000.jpg,13,0.5917447805404663,0.3893706500530243,0.01380894798785448,378,186,1
0000000.jpg,14,0.6009100675582886,0.408331960439682,0.06071203202009201,384,195,1
0000000.jpg,15,0.5885187387466431,0.4055958092212677,0.08217352628707886,376,194,1
0000000.jpg,16,0.5775476098060608,0.3959663212299347,0.08526327461004257,369,190,1
0000000.jpg,17,0.5970656275749207,0.3637424111366272,0.021584516391158104,382,174,1
0000000.jpg,18,0.596053957939148,0.37989965081214905,0.06146412342786789,381,182,1
0000000.jpg,19,0.585224449634552,0.37897005677223206,0.07554608583450317,374,181,1
0000000.jpg,20,0.578011155128479,0.37010639905929565,0.07645794749259949,369,177,1
0000001.jpg,0,0.5318752527236938,0.31681889295578003,-3.873147943522781e-05,340,152,1
0000001.jpg,1,0.5133792757987976,0.3715329170227051,0.02531181275844574,328,178,1
0000001.jpg,2,0.5193482041358948,0.41725224256515503,0.03702794760465622,332,200,1
0000001.jpg,3,0.5370581150054932,0.44799721240997314,0.05051587149500847,343,215,1
0000001.jpg,4,0.556470513343811,0.4598071277141571,0.06663257628679276,356,220,1
0000001.jpg,5,0.5590000152587891,0.43647128343582153,0.0016815041890367866,357,209,1
0000001.jpg,6,0.5980210900306702,0.475597083568573,0.016601206734776497,382,228,1
0000001.jpg,7,0.6188362240791321,0.49416401982307434,0.02737702801823616,396,237,1
0000001.jpg,8,0.6353319883346558,0.5047652721405029,0.035126060247421265,406,242,1
0000001.jpg,9,0.578779935836792,0.4150729477405548,0.0044786883518099785,370,199,1
0000001.jpg,10,0.6113585233688354,0.44368651509284973,0.03945636376738548,391,212,1
0000001.jpg,11,0.6067591905593872,0.44279104471206665,0.07248425483703613,388,212,1
0000001.jpg,12,0.5980194211006165,0.43456923961639404,0.08884606510400772,382,208,1
0000001.jpg,13,0.5902382135391235,0.3885854482650757,0.011074324138462543,377,186,1
0000001.jpg,14,0.6017210483551025,0.41020381450653076,0.05477365851402283,385,196,1
0000001.jpg,15,0.5901222825050354,0.40769416093826294,0.07773485779762268,377,195,1
0000001.jpg,16,0.5787343382835388,0.397736519575119,0.08282601088285446,370,190,1
0000001.jpg,17,0.5955186486244202,0.36312124133110046,0.018588362261652946,381,174,1
0000001.jpg,18,0.5952506065368652,0.38019776344299316,0.055520232766866684,380,182,1
0000001.jpg,19,0.5849022269248962,0.3797343075275421,0.06985924392938614,374,182,1
0000001.jpg,20,0.5776336789131165,0.3708134889602661,0.07108284533023834,369,177,1
0000002.jpg,0,0.532089352607727,0.31692010164260864,-3.7628593418048695e-05,340,152,1
0000002.jpg,1,0.5140589475631714,0.371767520904541,0.026348363608121872,328,178,1
0000002.jpg,2,0.5204419493675232,0.41788730025291443,0.03866639733314514,333,200,1
0000002.jpg,3,0.5382351279258728,0.4480990171432495,0.05251351743936539,344,215,1
0000002.jpg,4,0.557273805141449,0.4593188762664795,0.0683223158121109,356,220,1
0000002.jpg,5,0.5603938698768616,0.4370516240596771,0.003533842507749796,358,209,1
0000002.jpg,6,0.5978960990905762,0.4755740165710449,0.020469993352890015,382,228,1
0000002.jpg,7,0.6178885102272034,0.49426180124282837,0.030898304656147957,395,237,1
0000002.jpg,8,0.6340937614440918,0.5051805973052979,0.038080401718616486,405,242,1
0000002.jpg,9,0.5801008343696594,0.41575145721435547,0.0059517971239984035,371,199,1
0000002.jpg,10,0.6111700534820557,0.4436574876308441,0.0433126799762249,391,212,1
0000002.jpg,11,0.6058340072631836,0.44263148307800293,0.07479304075241089,387,212,1
0000002.jpg,12,0.597137451171875,0.4340377449989319,0.08939728885889053,382,208,1
0000002.jpg,13,0.5914691090583801,0.3896092176437378,0.012269656173884869,378,187,1
0000002.jpg,14,0.6011002659797668,0.4092906415462494,0.0580630898475647,384,196,1
0000002.jpg,15,0.5890088081359863,0.40585899353027344,0.07895719259977341,376,194,1
0000002.jpg,16,0.5781429409980774,0.3952665627002716,0.08171738684177399,370,189,1
0000002.jpg,17,0.5966508388519287,0.36447012424468994,0.01946198008954525,381,174,1
0000002.jpg,18,0.5944890379905701,0.38009995222091675,0.059221599251031876,380,182,1
0000002.jpg,19,0.5835364460945129,0.37843000888824463,0.07330159842967987,373,181,1
0000002.jpg,20,0.5764194130897522,0.36894914507865906,0.07381030172109604,368,177,1
0000003.jpg,0,0.5321563482284546,0.3183406889438629,-3.776654557441361e-05,340,152,1
0000003.jpg,1,0.5137918591499329,0.3728189170360565,0.028256259858608246,328,178,1
0000003.jpg,2,0.5197835564613342,0.41816893219947815,0.0407416857779026,332,200,1
0000003.jpg,3,0.5373572111129761,0.44818904995918274,0.05435909703373909,343,215,1
0000003.jpg,4,0.5563126802444458,0.4587762653827667,0.07058040797710419,356,220,1
0000003.jpg,5,0.5592976808547974,0.43790197372436523,0.004370617214590311,357,210,1
0000003.jpg,6,0.5979811549186707,0.4767477810382843,0.021448908373713493,382,228,1
0000003.jpg,7,0.6184078454971313,0.4946695566177368,0.032284244894981384,395,237,1
0000003.jpg,8,0.6345531940460205,0.5051047205924988,0.03976277634501457,406,242,1
0000003.jpg,9,0.5792227983474731,0.4167804419994354,0.005392482969909906,370,200,1
0000003.jpg,10,0.6115649342536926,0.44296446442604065,0.04229925945401192,391,212,1
0000003.jpg,11,0.6080533266067505,0.44177597761154175,0.0734044760465622,389,212,1
0000003.jpg,12,0.6001008152961731,0.4337148666381836,0.08730873465538025,384,208,1
0000003.jpg,13,0.5912295579910278,0.3904210925102234,0.010483324527740479,378,187,1
0000003.jpg,14,0.6005274057388306,0.4073798656463623,0.05625962093472481,384,195,1
0000003.jpg,15,0.5883195400238037,0.4030632972717285,0.07609274238348007,376,193,1
0000003.jpg,16,0.5772306323051453,0.39308905601501465,0.07774358987808228,369,188,1
0000003.jpg,17,0.5969718098640442,0.3650429844856262,0.01664046384394169,382,175,1
0000003.jpg,18,0.5949035882949829,0.37852397561073303,0.05558309704065323,380,181,1
0000003.jpg,19,0.5840722322463989,0.37601613998413086,0.06827531009912491,373,180,1
0000003.jpg,20,0.577039897441864,0.36686375737190247,0.06743782013654709,369,176,1
0000004.jpg,0,0.5324584245681763,0.31849125027656555,-3.747095979633741e-05,340,152,1
0000004.jpg,1,0.5143841505050659,0.3733167052268982,0.02826843224465847,329,179,1
0000004.jpg,2,0.5209776759147644,0.4182247817516327,0.04248976334929466,333,200,1
0000004.jpg,3,0.5383930802345276,0.44740989804267883,0.05799036845564842,344,214,1
0000004.jpg,4,0.5569755434989929,0.45814383029937744,0.07558608055114746,356,219,1
0000004.jpg,5,0.5618091225624084,0.43934887647628784,0.00928973313421011,359,210,1
0000004.jpg,6,0.5984914898872375,0.47755423188209534,0.027973927557468414,383,229,1
0000004.jpg,7,0.6182048916816711,0.49497172236442566,0.040098000317811966,395,237,1
0000004.jpg,8,0.6341132521629333,0.5046400427818298,0.04864516481757164,405,242,1
0000004.jpg,9,0.5813316106796265,0.4178611636161804,0.01141609437763691,372,200,1
0000004.jpg,10,0.6114364266395569,0.4430218040943146,0.05128030478954315,391,212,1
0000004.jpg,11,0.6066405773162842,0.4411168396472931,0.0824190229177475,388,211,1
0000004.jpg,12,0.598457932472229,0.4327942430973053,0.09601558744907379,383,207,1
0000004.jpg,13,0.5927411913871765,0.3912197947502136,0.01724163629114628,379,187,1
0000004.jpg,14,0.6008520722389221,0.40728360414505005,0.06510809063911438,384,195,1
0000004.jpg,15,0.5882981419563293,0.4033045470714569,0.08435364067554474,376,193,1
0000004.jpg,16,0.5773698687553406,0.3934789299964905,0.08561272919178009,369,188,1
0000004.jpg,17,0.5980225205421448,0.36584410071372986,0.02429068274796009,382,175,1
0000004.jpg,18,0.5958452820777893,0.3783518671989441,0.06506866961717606,381,181,1
0000004.jpg,19,0.584814727306366,0.3756071627140045,0.07795567065477371,374,180,1
0000004.jpg,20,0.5777416229248047,0.36640435457229614,0.07779616862535477,369,175,1
0000005.jpg,0,0.5323830842971802,0.31632763147354126,-3.9755537727614865e-05,340,151,1
0000005.jpg,1,0.5138686299324036,0.371044784784317,0.024081259965896606,328,178,1
0000005.jpg,2,0.5199246406555176,0.4182857573032379,0.03415689617395401,332,200,1
0000005.jpg,3,0.538550078868866,0.4493512511253357,0.04578421637415886,344,215,1
0000005.jpg,4,0.5599119067192078,0.459256649017334,0.05977055802941322,358,220,1
0000005.jpg,5,0.559508740901947,0.4362182915210724,-0.0011703139171004295,358,209,1
0000005.jpg,6,0.5981373190879822,0.47655418515205383,0.013980788178741932,382,228,1
0000005.jpg,7,0.6183562278747559,0.4952351152896881,0.024951651692390442,395,237,1
0000005.jpg,8,0.63494473695755,0.505760669708252,0.03330942243337631,406,242,1
0000005.jpg,9,0.5796539783477783,0.4144971966743469,0.0021042167209088802,370,198,1
0000005.jpg,10,0.6102346181869507,0.4426940083503723,0.03908664733171463,390,212,1
0000005.jpg,11,0.6078237295150757,0.44406408071517944,0.0708911269903183,389,213,1
0000005.jpg,12,0.6018480062484741,0.43683648109436035,0.08624429255723953,385,209,1
0000005.jpg,13,0.5915313959121704,0.3881559371948242,0.009320449084043503,378,186,1
0000005.jpg,14,0.5996467471122742,0.4084716737270355,0.055885735899209976,383,196,1
0000005.jpg,15,0.5873380303382874,0.40608322620391846,0.07690652459859848,375,194,1
0000005.jpg,16,0.5768117904663086,0.39640164375305176,0.07998642325401306,369,190,1
0000005.jpg,17,0.5975216031074524,0.3633255660533905,0.01739247888326645,382,174,1
0000005.jpg,18,0.5955569744110107,0.38117071986198425,0.05626610666513443,381,182,1
0000005.jpg,19,0.5845876336097717,0.3806418180465698,0.06984777003526688,374,182,1
0000005.jpg,20,0.5774509906768799,0.37161535024642944,0.07028485089540482,369,178,1
0000006.jpg,0,0.5322046875953674,0.31382378935813904,-4.1209859773516655e-05,340,150,1
0000006.jpg,1,0.5138353109359741,0.36786210536956787,0.02547334134578705,328,176,1
0000006.jpg,2,0.5191649794578552,0.41560372710227966,0.03627730906009674,332,199,1
0000006.jpg,3,0.5360637307167053,0.4476342797279358,0.04828239604830742,343,214,1
0000006.jpg,4,0.5553458333015442,0.4603152871131897,0.06182915344834328,355,220,1
0000006.jpg,5,0.5589240193367004,0.4351065456867218,0.002124692779034376,357,208,1
0000006.jpg,6,0.5960589647293091,0.4762125015258789,0.01785861700773239,381,228,1
0000006.jpg,7,0.6160930395126343,0.49597644805908203,0.0286859143525362,394,238,1
0000006.jpg,8,0.632794201374054,0.5076426863670349,0.036660946905612946,404,243,1
0000006.jpg,9,0.5796443223953247,0.4143759608268738,0.004372150171548128,370,198,1
0000006.jpg,10,0.6098518967628479,0.44348326325416565,0.04049605131149292,390,212,1
0000006.jpg,11,0.6078910827636719,0.44580134749412537,0.07127271592617035,389,213,1
0000006.jpg,12,0.6024172306060791,0.439624160528183,0.08685507625341415,385,211,1
0000006.jpg,13,0.5919566750526428,0.3888661563396454,0.010729668661952019,378,186,1
0000006.jpg,14,0.5996925830841064,0.40880346298217773,0.05590362474322319,383,196,1
0000006.jpg,15,0.5872216820716858,0.4054165184497833,0.07505949586629868,375,194,1
0000006.jpg,16,0.5763751268386841,0.39547041058540344,0.07742365449666977,368,189,1
0000006.jpg,17,0.5981170535087585,0.36464816331863403,0.017885331064462662,382,175,1
0000006.jpg,18,0.5956224203109741,0.38094133138656616,0.05618806555867195,381,182,1
0000006.jpg,19,0.5847249627113342,0.3789576292037964,0.06911440938711166,374,181,1
0000006.jpg,20,0.5776289105415344,0.36987027525901794,0.06919489055871964,369,177,1
0000007.jpg,0,0.53304523229599,0.31393417716026306,-4.295334656490013e-05,341,150,1
0000007.jpg,1,0.5140172839164734,0.3681136667728424,0.025575002655386925,328,176,1
0000007.jpg,2,0.5185132622718811,0.41516539454460144,0.034933965653181076,331,199,1
0000007.jpg,3,0.534720778465271,0.44767382740974426,0.045404933393001556,342,214,1
0000007.jpg,4,0.5543240904808044,0.46015411615371704,0.05719713866710663,354,220,1
0000007.jpg,5,0.557047963142395,0.4356272518634796,-0.002752000233158469,356,209,1
0000007.jpg,6,0.5939866900444031,0.47835439443588257,0.01213830802589655,380,229,1
0000007.jpg,7,0.6136931777000427,0.4998249411582947,0.021951919421553612,392,239,1
0000007.jpg,8,0.6297286748886108,0.5127143263816833,0.02897351048886776,403,246,1
0000007.jpg,9,0.5781611800193787,0.41582632064819336,-0.0007095737964846194,370,199,1
0000007.jpg,10,0.6079151630401611,0.4453018605709076,0.03575122728943825,389,213,1
0000007.jpg,11,0.6063982844352722,0.4480213522911072,0.06707294285297394,388,215,1
0000007.jpg,12,0.6018034815788269,0.4427664279937744,0.08380246162414551,385,212,1
0000007.jpg,13,0.5913975834846497,0.3911178708076477,0.005859063006937504,378,187,1
0000007.jpg,14,0.5984599590301514,0.41037195920944214,0.051735784858465195,383,196,1
0000007.jpg,15,0.5860521197319031,0.40438827872276306,0.07024025171995163,375,194,1
0000007.jpg,16,0.576151430606842,0.39377331733703613,0.07172974944114685,368,189,1
0000007.jpg,17,0.5990260243415833,0.3679090142250061,0.01291939988732338,383,176,1
0000007.jpg,18,0.5956199169158936,0.3841699957847595,0.05146624892950058,381,184,1
0000007.jpg,19,0.5844227075576782,0.3804909884929657,0.06350469589233398,374,182,1
0000007.jpg,20,0.5781660676002502,0.37106627225875854,0.062183741480112076,370,178,1
0000008.jpg,0,0.53553307056427,0.31358250975608826,-4.494899985729717e-05,342,150,1
0000008.jpg,1,0.5142872333526611,0.3698710501194,0.026638150215148926,329,177,1
0000008.jpg,2,0.5175540447235107,0.416339635848999,0.03806718438863754,331,199,1
0000008.jpg,3,0.5323202610015869,0.4477194547653198,0.05124518647789955,340,214,1
0000008.jpg,4,0.5508959293365479,0.4613552689552307,0.06563267856836319,352,221,1
0000008.jpg,5,0.5569843053817749,0.437325119972229,-0.0028031705878674984,356,209,1
0000008.jpg,6,0.5906988382339478,0.4828431010246277,0.011150465346872807,378,231,1
0000008.jpg,7,0.608811616897583,0.5065978169441223,0.021445443853735924,389,243,1
0000008.jpg,8,0.6242188215255737,0.5210556983947754,0.02974793314933777,399,250,1
0000008.jpg,9,0.5783955454826355,0.417100191116333,0.0011536955134943128,370,200,1
0000008.jpg,10,0.6052002906799316,0.4483187794685364,0.039138201624155045,387,215,1
0000008.jpg,11,0.6039052605628967,0.4520280063152313,0.07201167196035385,386,216,1
0000008.jpg,12,0.5999500155448914,0.44785887002944946,0.09020134806632996,383,214,1
0000008.jpg,13,0.5917465686798096,0.3925294578075409,0.009773156605660915,378,188,1
0000008.jpg,14,0.5964546203613281,0.41302651166915894,0.058180488646030426,381,198,1
0000008.jpg,15,0.5837211012840271,0.407189279794693,0.07914575934410095,373,195,1
0000008.jpg,16,0.5738158822059631,0.3969205617904663,0.08265187591314316,367,190,1
0000008.jpg,17,0.5992991924285889,0.36997056007385254,0.01928750053048134,383,177,1
0000008.jpg,18,0.594291627407074,0.38712576031684875,0.06019716337323189,380,185,1
0000008.jpg,19,0.5825952291488647,0.3834158778190613,0.07384806871414185,372,184,1
0000008.jpg,20,0.5761404037475586,0.3747931122779846,0.07413635402917862,368,179,1
0000009.jpg,0,0.5358200073242188,0.31315678358078003,-4.6383647713810205e-05,342,150,1
0000009.jpg,1,0.5137012600898743,0.3672994375228882,0.026161639019846916,328,176,1
0000009.jpg,2,0.5154162645339966,0.41514840722084045,0.0358494371175766,329,199,1
0000009.jpg,3,0.529365062713623,0.44891223311424255,0.04719361662864685,338,215,1
0000009.jpg,4,0.5472890734672546,0.4643475115299225,0.05995823070406914,350,222,1
0000009.jpg,5,0.5535918474197388,0.4382476806640625,-0.007279858458787203,354,210,1
0000009.jpg,6,0.5867844223976135,0.4866136908531189,0.00526065519079566,375,233,1
0000009.jpg,7,0.6047906279563904,0.5112135410308838,0.015138198621571064,387,245,1
0000009.jpg,8,0.6200447678565979,0.5266280174255371,0.02319975197315216,396,252,1
0000009.jpg,9,0.5759760737419128,0.41912081837654114,-0.004578975960612297,368,201,1
0000009.jpg,10,0.6036362648010254,0.45187243819236755,0.03174674138426781,386,216,1
0000009.jpg,11,0.6020886898040771,0.4542461931705475,0.06516429036855698,385,218,1
0000009.jpg,12,0.5975203514099121,0.4492499828338623,0.08347991108894348,382,215,1
0000009.jpg,13,0.5904152989387512,0.39468711614608765,0.0029273254331201315,377,189,1
0000009.jpg,14,0.5963252186775208,0.4162130653858185,0.04973599687218666,381,199,1
0000009.jpg,15,0.5843756198883057,0.4094846844673157,0.07140972465276718,374,196,1
0000009.jpg,16,0.5746181607246399,0.39874276518821716,0.07520133256912231,367,191,1
0000009.jpg,17,0.5988700985908508,0.3713931441307068,0.011322017759084702,383,178,1
0000009.jpg,18,0.5945392847061157,0.38920894265174866,0.05122493579983711,380,186,1
0000009.jpg,19,0.5834117531776428,0.38466745615005493,0.065606988966465,373,184,1
0000009.jpg,20,0.5774982571601868,0.37549182772636414,0.0661793053150177,369,180,1
0000010.jpg,0,0.535813570022583,0.3130277991294861,-4.647881360142492e-05,342,150,1
0000010.jpg,1,0.5129325985908508,0.36739468574523926,0.02622189372777939,328,176,1
0000010.jpg,2,0.5142337083816528,0.41490164399147034,0.036155518144369125,329,199,1
0000010.jpg,3,0.5275466442108154,0.4487206041812897,0.047932058572769165,337,215,1
0000010.jpg,4,0.5454214215278625,0.4647907316684723,0.06135350465774536,349,223,1
0000010.jpg,5,0.5517880916595459,0.43997621536254883,-0.008021560497581959,353,211,1
0000010.jpg,6,0.5832757949829102,0.48955038189888,0.004286537878215313,373,234,1
0000010.jpg,7,0.6001134514808655,0.5152495503425598,0.014447569847106934,384,247,1
0000010.jpg,8,0.6148104667663574,0.5320223569869995,0.02274371311068535,393,255,1
0000010.jpg,9,0.5743181109428406,0.42119309306144714,-0.005202068947255611,367,202,1
0000010.jpg,10,0.6010775566101074,0.4560226500034332,0.031062645837664604,384,218,1
0000010.jpg,11,0.5984077453613281,0.4579637050628662,0.06501775234937668,382,219,1
0000010.jpg,12,0.5931364297866821,0.45246604084968567,0.08370019495487213,379,217,1
0000010.jpg,13,0.5893266797065735,0.3970319330692291,0.0025059811305254698,377,190,1
0000010.jpg,14,0.595542848110199,0.42034098505973816,0.04914559796452522,381,201,1
0000010.jpg,15,0.5834431648254395,0.41319766640663147,0.0715252086520195,373,198,1
0000010.jpg,16,0.573774516582489,0.4019007384777069,0.07602596282958984,367,192,1
0000010.jpg,17,0.5982919335365295,0.3741684854030609,0.010918385349214077,382,179,1
0000010.jpg,18,0.5941819548606873,0.39282354712486267,0.05102039501070976,380,188,1
0000010.jpg,19,0.582848310470581,0.38778483867645264,0.0660138875246048,373,186,1
0000010.jpg,20,0.5768783688545227,0.37832555174827576,0.06684456020593643,369,181,1
0000011.jpg,0,0.5366744995117188,0.31318965554237366,-4.817770604859106e-05,343,150,1
0000011.jpg,1,0.5127171874046326,0.36742860078811646,0.029732361435890198,328,176,1
0000011.jpg,2,0.5123351812362671,0.41471290588378906,0.042256034910678864,327,199,1
0000011.jpg,3,0.5238142609596252,0.4491250216960907,0.055870041251182556,335,215,1
0000011.jpg,4,0.540440022945404,0.4658966064453125,0.07106175273656845,345,223,1
0000011.jpg,5,0.549211859703064,0.443121075630188,-0.002505694516003132,351,212,1
0000011.jpg,6,0.5792083144187927,0.49396204948425293,0.008713648654520512,370,237,1
0000011.jpg,7,0.594965934753418,0.5212076306343079,0.018531564623117447,380,250,1
0000011.jpg,8,0.608812689781189,0.5391919612884521,0.026593806222081184,389,258,1
0000011.jpg,9,0.5723142027854919,0.4254980683326721,-0.0005804417305625975,366,204,1
0000011.jpg,10,0.5995327234268188,0.46372732520103455,0.0332501083612442,383,222,1
0000011.jpg,11,0.596156895160675,0.46433496475219727,0.06928858906030655,381,222,1
0000011.jpg,12,0.5904409885406494,0.45809653401374817,0.0907752588391304,377,219,1
0000011.jpg,13,0.5878801345825195,0.4020565450191498,0.006062287371605635,376,192,1
0000011.jpg,14,0.596839189529419,0.430407851934433,0.04934990406036377,381,206,1
0000011.jpg,15,0.5861368179321289,0.4247976541519165,0.07718326896429062,375,203,1
0000011.jpg,16,0.5769703388214111,0.41458389163017273,0.08762867748737335,369,199,1
0000011.jpg,17,0.5972110629081726,0.37900716066360474,0.01369351614266634,382,181,1
0000011.jpg,18,0.5953174829483032,0.3993120491504669,0.05333802103996277,381,191,1
0000011.jpg,19,0.5846114158630371,0.3948502838611603,0.07168877869844437,374,189,1
0000011.jpg,20,0.5786134004592896,0.38598859310150146,0.07611317932605743,370,185,1
0000012.jpg,0,0.5376237034797668,0.3123953342437744,-4.952002564095892e-05,344,149,1
0000012.jpg,1,0.5122526288032532,0.3672782778739929,0.027470985427498817,327,176,1
0000012.jpg,2,0.5119796395301819,0.4156811833381653,0.03945710510015488,327,199,1
0000012.jpg,3,0.52431321144104,0.45120489597320557,0.05278594419360161,335,216,1
0000012.jpg,4,0.5422348976135254,0.4701612889766693,0.06717802584171295,347,225,1
0000012.jpg,5,0.5485774874687195,0.4449596703052521,-0.003786433255299926,351,213,1
0000012.jpg,6,0.5756125450134277,0.49699002504348755,0.009017551317811012,368,238,1
0000012.jpg,7,0.5896958708763123,0.5251044631004333,0.0200507789850235,377,252,1
0000012.jpg,8,0.6030490398406982,0.543832004070282,0.02890835702419281,385,261,1
0000012.jpg,9,0.5719225406646729,0.4275510311126709,-0.0006770204054191709,366,205,1
0000012.jpg,10,0.596991777420044,0.4671080410480499,0.034763507544994354,382,224,1
0000012.jpg,11,0.5927110314369202,0.46779942512512207,0.0710984542965889,379,224,1
0000012.jpg,12,0.5873798727989197,0.4615568220615387,0.09308737516403198,375,221,1
0000012.jpg,13,0.587567150592804,0.40465182065963745,0.007071055006235838,376,194,1
0000012.jpg,14,0.5955110788345337,0.4344102740287781,0.05108260363340378,381,208,1
0000012.jpg,15,0.583980917930603,0.4288155436515808,0.07790369540452957,373,205,1
0000012.jpg,16,0.5753548741340637,0.418234258890152,0.08737776428461075,368,200,1
0000012.jpg,17,0.5970052480697632,0.38278019428253174,0.015629297122359276,382,183,1
0000012.jpg,18,0.5947327017784119,0.4041688144207001,0.05608775466680527,380,194,1
0000012.jpg,19,0.5835654735565186,0.3996843695640564,0.07417241483926773,373,191,1
0000012.jpg,20,0.5777739882469177,0.3903278112411499,0.07804641872644424,369,187,1
0000013.jpg,0,0.5391758680343628,0.3115900754928589,-5.829224028275348e-05,345,149,1
0000013.jpg,1,0.5131194591522217,0.3657078444957733,0.029310449957847595,328,175,1
0000013.jpg,2,0.5104758739471436,0.41327452659606934,0.0410231351852417,326,198,1
0000013.jpg,3,0.5205451250076294,0.45005643367767334,0.053998831659555435,333,216,1
0000013.jpg,4,0.5363568067550659,0.4704272747039795,0.06842305511236191,343,225,1
0000013.jpg,5,0.5451621413230896,0.4446621537208557,-0.004290283191949129,348,213,1
0000013.jpg,6,0.5712072849273682,0.4992101192474365,0.00725224893540144,365,239,1
0000013.jpg,7,0.5849827527999878,0.528437077999115,0.017860446125268936,374,253,1
0000013.jpg,8,0.5977050065994263,0.5481931567192078,0.02605459839105606,382,263,1
0000013.jpg,9,0.5694040656089783,0.4290377199649811,-0.0029062882531434298,364,205,1
0000013.jpg,10,0.594719648361206,0.4712175726890564,0.02906234934926033,380,226,1
0000013.jpg,11,0.5897461771965027,0.4703044295310974,0.06554902344942093,377,225,1
0000013.jpg,12,0.5829561948776245,0.46214038133621216,0.08752137422561646,373,221,1
0000013.jpg,13,0.5861220359802246,0.4073195159435272,0.0030339236836880445,375,195,1
0000013.jpg,14,0.5961163640022278,0.4396231770515442,0.04375587776303291,381,211,1
0000013.jpg,15,0.5858023166656494,0.43423229455947876,0.07236701250076294,374,208,1
0000013.jpg,16,0.5769202709197998,0.4232436418533325,0.08428356796503067,369,203,1
0000013.jpg,17,0.5963479280471802,0.3852832019329071,0.010169473476707935,381,184,1
0000013.jpg,18,0.5956286191940308,0.40817326307296753,0.04863906279206276,381,195,1
0000013.jpg,19,0.5853326916694641,0.40390947461128235,0.06810308247804642,374,193,1
0000013.jpg,20,0.5794343948364258,0.3944752514362335,0.07371340692043304,370,189,1
0000014.jpg,0,0.5404938459396362,0.31123390793800354,-5.8682580856839195e-05,345,149,1
0000014.jpg,1,0.5130065679550171,0.3639538288116455,0.029843024909496307,328,174,1
0000014.jpg,2,0.5098250508308411,0.41325488686561584,0.0420791395008564,326,198,1
0000014.jpg,3,0.5193899869918823,0.4516206383705139,0.05510130524635315,332,216,1
0000014.jpg,4,0.5342351794242859,0.47216224670410156,0.06911652535200119,341,226,1
0000014.jpg,5,0.5431368947029114,0.4450644850730896,-0.004945344291627407,347,213,1
0000014.jpg,6,0.5672194361686707,0.5021607279777527,0.0075498842634260654,363,241,1
0000014.jpg,7,0.5797972083091736,0.5328560471534729,0.01853601261973381,371,255,1
0000014.jpg,8,0.5916913151741028,0.5539401769638062,0.02660777047276497,378,265,1
0000014.jpg,9,0.5679550170898438,0.4308159649372101,-0.00411714194342494,363,206,1
0000014.jpg,10,0.5918228626251221,0.4743538498878479,0.02840340882539749,378,227,1
0000014.jpg,11,0.5872741937637329,0.4739369750022888,0.06432308256626129,375,227,1
0000014.jpg,12,0.5812073349952698,0.46603772044181824,0.08597838133573532,371,223,1
0000014.jpg,13,0.5855463147163391,0.4100797176361084,0.0014449696755036712,374,196,1
0000014.jpg,14,0.5944288372993469,0.44279953837394714,0.04288305714726448,380,212,1
0000014.jpg,15,0.5842877626419067,0.43590861558914185,0.07056545466184616,373,209,1
0000014.jpg,16,0.5760737657546997,0.42373523116111755,0.08111763745546341,368,203,1
0000014.jpg,17,0.5966845750808716,0.38868391513824463,0.008266430348157883,381,186,1
0000014.jpg,18,0.5952620506286621,0.41145503520965576,0.04733623191714287,380,197,1
0000014.jpg,19,0.5852339267730713,0.4056798815727234,0.06630417704582214,374,194,1
0000014.jpg,20,0.579988956451416,0.3954498767852783,0.07082509249448776,371,189,1
0000015.jpg,0,0.5428272485733032,0.3108464479446411,-5.9580852393992245e-05,347,149,1
0000015.jpg,1,0.5145043134689331,0.3636358082294464,0.032405879348516464,329,174,1
0000015.jpg,2,0.5102115273475647,0.4118628203868866,0.045363303273916245,326,197,1
0000015.jpg,3,0.517670750617981,0.44959354400634766,0.058611154556274414,331,215,1
0000015.jpg,4,0.5313530564308167,0.47027093172073364,0.07288643717765808,340,225,1
0000015.jpg,5,0.540921688079834,0.44668060541152954,-0.0021745350677520037,346,214,1
0000015.jpg,6,0.5634752511978149,0.5039198398590088,0.010417374782264233,360,241,1
0000015.jpg,7,0.5749309062957764,0.5346503853797913,0.021250246092677116,367,256,1
0000015.jpg,8,0.5855046510696411,0.555949330329895,0.029067527502775192,374,266,1
0000015.jpg,9,0.5660609006881714,0.434112548828125,-0.0030450725462287664,362,208,1
0000015.jpg,10,0.5895519852638245,0.4785311222076416,0.028729010373353958,377,229,1
0000015.jpg,11,0.5852903723716736,0.4762752056121826,0.0646754652261734,374,228,1
0000015.jpg,12,0.579084575176239,0.46720972657203674,0.08595732599496841,370,224,1
0000015.jpg,13,0.5846360325813293,0.41450726985931396,0.0009935371344909072,374,198,1
0000015.jpg,14,0.5934690237045288,0.44745883345603943,0.04185628890991211,379,214,1
0000015.jpg,15,0.5840912461280823,0.4392890930175781,0.07002180814743042,373,210,1
0000015.jpg,16,0.5761594772338867,0.4268489181995392,0.08077440410852432,368,204,1
0000015.jpg,17,0.5968065857887268,0.39373138546943665,0.0064273010939359665,381,188,1
0000015.jpg,18,0.5952489376068115,0.41547900438308716,0.04559539631009102,380,199,1
0000015.jpg,19,0.5857494473457336,0.4086853563785553,0.06474513560533524,374,196,1
0000015.jpg,20,0.5808654427528381,0.3984796106815338,0.06942309439182281,371,191,1
0000016.jpg,0,0.54652339220047,0.30988895893096924,-6.167784158606082e-05,349,148,1
0000016.jpg,1,0.5171918869018555,0.36182665824890137,0.029295766726136208,331,173,1
0000016.jpg,2,0.510930061340332,0.4109526574611664,0.03988446295261383,326,197,1
0000016.jpg,3,0.517188310623169,0.4509284794330597,0.05122837424278259,331,216,1
0000016.jpg,4,0.5309746265411377,0.4736184775829315,0.06343208998441696,339,227,1
0000016.jpg,5,0.5399726033210754,0.44531747698783875,-0.007470712997019291,345,213,1
0000016.jpg,6,0.5597279071807861,0.5055943131446838,0.004668659996241331,358,242,1
0000016.jpg,7,0.5701020956039429,0.5375933647155762,0.015736011788249016,364,258,1
0000016.jpg,8,0.5803635716438293,0.560160756111145,0.023524418473243713,371,268,1
0000016.jpg,9,0.565679132938385,0.43382394313812256,-0.007294933777302504,362,208,1
0000016.jpg,10,0.5868661999702454,0.48137661814689636,0.02443947084248066,375,231,1
0000016.jpg,11,0.5820825695991516,0.4789980947971344,0.060618262737989426,372,229,1
0000016.jpg,12,0.5762021541595459,0.4692782461643219,0.08223201334476471,368,225,1
0000016.jpg,13,0.584862470626831,0.41516217589378357,-0.0022223289124667645,374,199,1
0000016.jpg,14,0.5927987098693848,0.45087650418281555,0.038834452629089355,379,216,1
0000016.jpg,15,0.5829944014549255,0.4420638084411621,0.06726868450641632,373,212,1
0000016.jpg,16,0.5754597187042236,0.42826777696609497,0.07799556851387024,368,205,1
0000016.jpg,17,0.5977542400360107,0.39517104625701904,0.00404936820268631,382,189,1
0000016.jpg,18,0.5959077477455139,0.41948622465133667,0.04339674487709999,381,201,1
0000016.jpg,19,0.5864434242248535,0.4118894636631012,0.06311624497175217,375,197,1
0000016.jpg,20,0.5818710327148438,0.4002075493335724,0.06822069734334946,372,192,1
0000017.jpg,0,0.5507627129554749,0.3097918629646301,-5.89036317251157e-05,352,148,1
0000017.jpg,1,0.5200335383415222,0.36346182227134705,0.03304718807339668,332,174,1
0000017.jpg,2,0.513015627861023,0.4108603000640869,0.044817548245191574,328,197,1
0000017.jpg,3,0.5159169435501099,0.44825029373168945,0.056346140801906586,330,215,1
0000017.jpg,4,0.5271490812301636,0.472409725189209,0.06813207268714905,337,226,1
0000017.jpg,5,0.5390613079071045,0.44868242740631104,-0.0054794540628790855,344,215,1
0000017.jpg,6,0.5563398599624634,0.5075986385345459,0.005469362251460552,356,243,1
0000017.jpg,7,0.5648354887962341,0.5399758815765381,0.014712732285261154,361,259,1
0000017.jpg,8,0.5732221603393555,0.5632445216178894,0.021476680412888527,366,270,1
0000017.jpg,9,0.5645465850830078,0.4384872019290924,-0.007931935600936413,361,210,1
0000017.jpg,10,0.5837637782096863,0.484678715467453,0.022747963666915894,373,232,1
0000017.jpg,11,0.5794455409049988,0.48034316301345825,0.05765533074736595,370,230,1
0000017.jpg,12,0.5744131803512573,0.47096142172813416,0.07779808342456818,367,226,1
0000017.jpg,13,0.5844706296920776,0.4208906888961792,-0.004943848121911287,374,202,1
0000017.jpg,14,0.5921329259872437,0.4554212987422943,0.03477373346686363,378,218,1
0000017.jpg,15,0.5833195447921753,0.44535765051841736,0.06323142349720001,373,213,1
0000017.jpg,16,0.5760931968688965,0.4320487678050995,0.07371480017900467,368,207,1
0000017.jpg,17,0.5981720089912415,0.40152424573898315,-0.0005794320604763925,382,192,1
0000017.jpg,18,0.595970630645752,0.42329126596450806,0.03941338509321213,381,203,1
0000017.jpg,19,0.5873746871948242,0.4137454926967621,0.05975795537233353,375,198,1
0000017.jpg,20,0.5830312967300415,0.4021092653274536,0.06533581763505936,373,193,1
0000018.jpg,0,0.5547214150428772,0.31091272830963135,-5.679020978277549e-05,355,149,1
0000018.jpg,1,0.5230687856674194,0.3614093065261841,0.03211387246847153,334,173,1
0000018.jpg,2,0.513714075088501,0.4101896584033966,0.04325069859623909,328,196,1
0000018.jpg,3,0.5165613293647766,0.4496378004550934,0.05397024750709534,330,215,1
0000018.jpg,4,0.5293546915054321,0.47187721729278564,0.0650348886847496,338,226,1
0000018.jpg,5,0.538286566734314,0.4487248361110687,-0.005614037625491619,344,215,1
0000018.jpg,6,0.5531816482543945,0.5097719430923462,0.0071081179194152355,354,244,1
0000018.jpg,7,0.5602872371673584,0.5417903065681458,0.01740497723221779,358,260,1
0000018.jpg,8,0.5674768686294556,0.5656028985977173,0.024202238768339157,363,271,1
0000018.jpg,9,0.5646567940711975,0.4408513307571411,-0.008347195573151112,361,211,1
0000018.jpg,10,0.5812397599220276,0.4893733859062195,0.024193663150072098,371,234,1
0000018.jpg,11,0.5768760442733765,0.4841201603412628,0.05930766463279724,369,232,1
0000018.jpg,12,0.5721957087516785,0.4737434983253479,0.07884158939123154,366,227,1
0000018.jpg,13,0.5854114294052124,0.42460572719573975,-0.005538350902497768,374,203,1
0000018.jpg,14,0.5913823843002319,0.4607928395271301,0.035125285387039185,378,221,1
0000018.jpg,15,0.5830342769622803,0.44989749789237976,0.06234818324446678,373,215,1
0000018.jpg,16,0.5767675042152405,0.4353649616241455,0.07100526988506317,369,208,1
0000018.jpg,17,0.6001842617988586,0.4055917263031006,-0.0015399146359413862,384,194,1
0000018.jpg,18,0.5967860817909241,0.42816102504730225,0.03869764134287834,381,205,1
0000018.jpg,19,0.5885246992111206,0.4179247319698334,0.05820417404174805,376,200,1
0000018.jpg,20,0.5850141048431396,0.4050074815750122,0.0625133216381073,374,194,1
0000019.jpg,0,0.5605337023735046,0.3112587332725525,-5.408234937931411e-05,358,149,1
0000019.jpg,1,0.5266588926315308,0.36241650581359863,0.035125982016325,337,173,1
0000019.jpg,2,0.5162835717201233,0.40945112705230713,0.04844256490468979,330,196,1
0000019.jpg,3,0.5169886946678162,0.4464249014854431,0.060746826231479645,330,214,1
0000019.jpg,4,0.5276687145233154,0.4700313210487366,0.07264910638332367,337,225,1
0000019.jpg,5,0.5378363132476807,0.45106229186058044,-0.003221329301595688,344,216,1
0000019.jpg,6,0.5489609837532043,0.5110067129135132,0.008060161955654621,351,245,1
0000019.jpg,7,0.5541651248931885,0.5436539649963379,0.018299531191587448,354,260,1
0000019.jpg,8,0.5595350861549377,0.567940354347229,0.026358185335993767,358,272,1
0000019.jpg,9,0.5645110011100769,0.44474267959594727,-0.006441603414714336,361,213,1
0000019.jpg,10,0.5793249607086182,0.4929750859737396,0.025607816874980927,370,236,1
0000019.jpg,11,0.5764521360397339,0.4875234067440033,0.0622524693608284,368,234,1
0000019.jpg,12,0.5727608799934387,0.4780121147632599,0.08411618322134018,366,229,1
0000019.jpg,13,0.5861173868179321,0.43006086349487305,-0.0041189719922840595,375,206,1
0000019.jpg,14,0.5913954973220825,0.46512579917907715,0.0361446850001812,378,223,1
0000019.jpg,15,0.5842599272727966,0.4545157551765442,0.06540407985448837,373,218,1
0000019.jpg,16,0.5782031416893005,0.44075173139572144,0.07660702615976334,370,211,1
0000019.jpg,17,0.601577877998352,0.4121758043766022,-0.00028176509658806026,385,197,1
0000019.jpg,18,0.5971410274505615,0.43173331022262573,0.04097408056259155,382,207,1
0000019.jpg,19,0.5897812247276306,0.42015600204467773,0.060975849628448486,377,201,1
0000019.jpg,20,0.5864760279655457,0.4078308343887329,0.06636088341474533,375,195,1
0000020.jpg,0,0.5669550895690918,0.31103193759918213,-4.735622860607691e-05,362,149,1
0000020.jpg,1,0.5315669775009155,0.3654654026031494,0.038877133280038834,340,175,1
0000020.jpg,2,0.5212143063545227,0.4096600413322449,0.053079117089509964,333,196,1
0000020.jpg,3,0.5195270776748657,0.4427008628845215,0.06612195074558258,332,212,1
0000020.jpg,4,0.5277274250984192,0.467740535736084,0.07819551974534988,337,224,1
0000020.jpg,5,0.5372813940048218,0.45200780034065247,-0.004467432852834463,343,216,1
0000020.jpg,6,0.5465052127838135,0.5109415054321289,0.005213323514908552,349,245,1
0000020.jpg,7,0.550072193145752,0.544134259223938,0.01423260010778904,352,261,1
0000020.jpg,8,0.5540165305137634,0.568687379360199,0.02146337553858757,354,272,1
0000020.jpg,9,0.5636919736862183,0.44601234793663025,-0.00940430723130703,360,214,1
0000020.jpg,10,0.5775341987609863,0.4955056309700012,0.020833494141697884,369,237,1
0000020.jpg,11,0.5759363770484924,0.49037542939186096,0.057711392641067505,368,235,1
0000020.jpg,12,0.5731499195098877,0.48151466250419617,0.07992885261774063,366,231,1
0000020.jpg,13,0.5863001346588135,0.43284499645233154,-0.008673660457134247,375,207,1
0000020.jpg,14,0.5905035138130188,0.4680232107639313,0.031447604298591614,377,224,1
0000020.jpg,15,0.5842462182044983,0.45555976033210754,0.06157630309462547,373,218,1
0000020.jpg,16,0.5790233612060547,0.44117364287376404,0.073320671916008,370,211,1
0000020.jpg,17,0.6032211184501648,0.41717931628227234,-0.006364688742905855,386,200,1
0000020.jpg,18,0.5985138416290283,0.4361492693424225,0.03611862286925316,383,209,1
0000020.jpg,19,0.5919449329376221,0.42364972829818726,0.05702149122953415,378,203,1
0000020.jpg,20,0.589031457901001,0.4114519953727722,0.06275348365306854,376,197,1
0000021.jpg,0,0.5717902183532715,0.3126220107078552,-4.3535557779250666e-05,365,150,1
0000021.jpg,1,0.535690188407898,0.36542779207229614,0.04054950177669525,342,175,1
0000021.jpg,2,0.5237686634063721,0.40960901975631714,0.0545026995241642,335,196,1
0000021.jpg,3,0.5212195515632629,0.44204485416412354,0.06648951023817062,333,212,1
0000021.jpg,4,0.5287919044494629,0.46747830510139465,0.07730349898338318,338,224,1
0000021.jpg,5,0.5367190837860107,0.45177125930786133,-0.006362643558532,343,216,1
0000021.jpg,6,0.5442412495613098,0.5118526220321655,0.0026561699341982603,348,245,1
0000021.jpg,7,0.5465548038482666,0.54525226354599,0.011710777878761292,349,261,1
0000021.jpg,8,0.5488858819007874,0.5701677799224854,0.01894252374768257,351,273,1
0000021.jpg,9,0.5639766454696655,0.44759219884872437,-0.012759952805936337,360,214,1
0000021.jpg,10,0.5754272937774658,0.49940305948257446,0.016637999564409256,368,239,1
0000021.jpg,11,0.5748980641365051,0.49472904205322266,0.05445638298988342,367,237,1
0000021.jpg,12,0.5726431608200073,0.48594021797180176,0.07760944962501526,366,233,1
0000021.jpg,13,0.5878059267997742,0.43637704849243164,-0.013223789632320404,376,209,1
0000021.jpg,14,0.590348482131958,0.4734426736831665,0.026369724422693253,377,227,1
0000021.jpg,15,0.5849828720092773,0.46200066804885864,0.05749623104929924,374,221,1
0000021.jpg,16,0.5804234147071838,0.447809636592865,0.0700809583067894,371,214,1
0000021.jpg,17,0.606097400188446,0.4222470819950104,-0.012016546912491322,387,202,1
0000021.jpg,18,0.6000301837921143,0.44190743565559387,0.03120799921452999,384,212,1
0000021.jpg,19,0.593891441822052,0.42913034558296204,0.053189050406217575,380,205,1
0000021.jpg,20,0.591446042060852,0.4168142080307007,0.05946580320596695,378,200,1
0000022.jpg,0,0.5766936540603638,0.31503382325172424,-4.7128971345955506e-05,369,151,1
0000022.jpg,1,0.5393382906913757,0.3673514723777771,0.040066078305244446,345,176,1
0000022.jpg,2,0.527677059173584,0.4118822515010834,0.05330778285861015,337,197,1
0000022.jpg,3,0.5262641310691833,0.444391667842865,0.06430970877408981,336,213,1
0000022.jpg,4,0.5335316061973572,0.47198688983917236,0.07339702546596527,341,226,1
0000022.jpg,5,0.5352134704589844,0.45181840658187866,-0.010987795889377594,342,216,1
0000022.jpg,6,0.5397183895111084,0.5137010812759399,-0.0017829532735049725,345,246,1
0000022.jpg,7,0.54159015417099,0.5478349328041077,0.008646341040730476,346,262,1
0000022.jpg,8,0.5435680747032166,0.5731790065765381,0.017184186726808548,347,275,1
0000022.jpg,9,0.5629724264144897,0.448944091796875,-0.01753830537199974,360,215,1
0000022.jpg,10,0.5737659335136414,0.5019881725311279,0.012750888243317604,367,240,1
0000022.jpg,11,0.5748959183692932,0.4986151456832886,0.05129026621580124,367,239,1
0000022.jpg,12,0.5732040405273438,0.49090853333473206,0.07504075765609741,366,235,1
0000022.jpg,13,0.5876271724700928,0.4400082230567932,-0.017838038504123688,376,211,1
0000022.jpg,14,0.5900880694389343,0.4771558940410614,0.023558856919407845,377,229,1
0000022.jpg,15,0.585626482963562,0.46518799662590027,0.0550253801047802,374,223,1
0000022.jpg,16,0.58144211769104,0.45096156001091003,0.06741339713335037,372,216,1
0000022.jpg,17,0.6067039966583252,0.42829740047454834,-0.01644977740943432,388,205,1
0000022.jpg,18,0.6005247831344604,0.4481469988822937,0.027088940143585205,384,215,1
0000022.jpg,19,0.5951767563819885,0.43449410796165466,0.04841065779328346,380,208,1
0000022.jpg,20,0.5930644869804382,0.421478271484375,0.05412772670388222,379,202,1
0000023.jpg,0,0.5813690423965454,0.3163546323776245,-5.6196815421571955e-05,372,151,1
0000023.jpg,1,0.5430547595024109,0.36781126260757446,0.039248205721378326,347,176,1
0000023.jpg,2,0.53094083070755,0.4134237766265869,0.05146825686097145,339,198,1
0000023.jpg,3,0.5303183197975159,0.4474916458129883,0.061513371765613556,339,214,1
0000023.jpg,4,0.5373076796531677,0.4761987030506134,0.06925216317176819,343,228,1
0000023.jpg,5,0.5350831151008606,0.4498664140701294,-0.01337524689733982,342,215,1
0000023.jpg,6,0.5369150638580322,0.513530969619751,-0.004449712112545967,343,246,1
0000023.jpg,7,0.5374425649642944,0.5476441383361816,0.007097160909324884,343,262,1
0000023.jpg,8,0.5381147861480713,0.5736175775527954,0.01682048663496971,344,275,1
0000023.jpg,9,0.5636847615242004,0.4490129053592682,-0.020268116146326065,360,215,1
0000023.jpg,10,0.5718329548835754,0.5047021508216858,0.009688939899206161,365,242,1
0000023.jpg,11,0.5728296637535095,0.5029351115226746,0.04821218177676201,366,241,1
0000023.jpg,12,0.5711151361465454,0.49608051776885986,0.07210143655538559,365,238,1
0000023.jpg,13,0.5889896750450134,0.4424888789653778,-0.02082803100347519,376,212,1
0000023.jpg,14,0.5887751579284668,0.48245444893836975,0.020298276096582413,376,231,1
0000023.jpg,15,0.5844767689704895,0.47104254364967346,0.051627833396196365,374,226,1
0000023.jpg,16,0.5809530019760132,0.4568275809288025,0.06414914131164551,371,219,1
0000023.jpg,17,0.6085479259490967,0.4327256381511688,-0.019423365592956543,389,207,1
0000023.jpg,18,0.6004793047904968,0.4548845589160919,0.02362823113799095,384,218,1
0000023.jpg,19,0.5954062938690186,0.4412160813808441,0.04519244283437729,381,211,1
0000023.jpg,20,0.593850314617157,0.4277186095714569,0.05123836547136307,380,205,1
0000024.jpg,0,0.5858728885650635,0.3175308108329773,-6.211019353941083e-05,374,152,1
0000024.jpg,1,0.5478707551956177,0.36941516399383545,0.04377789422869682,350,177,1
0000024.jpg,2,0.5363194942474365,0.41351813077926636,0.057680852711200714,343,198,1
0000024.jpg,3,0.5352144837379456,0.44577282667160034,0.0686277374625206,342,213,1
0000024.jpg,4,0.5404716730117798,0.4752281606197357,0.07718128710985184,345,228,1
0000024.jpg,5,0.5344370603561401,0.449566513299942,-0.010979579761624336,342,215,1
0000024.jpg,6,0.5332174897193909,0.5129531621932983,-0.000292275712126866,341,246,1
0000024.jpg,7,0.5330071449279785,0.5467543005943298,0.012670435942709446,341,262,1
0000024.jpg,8,0.5331112146377563,0.5717587471008301,0.02362481877207756,341,274,1
0000024.jpg,9,0.5628505945205688,0.45005571842193604,-0.019498705863952637,360,216,1
0000024.jpg,10,0.5702207684516907,0.505497395992279,0.012044294737279415,364,242,1
0000024.jpg,11,0.573255717754364,0.5014464855194092,0.05083433538675308,366,240,1
0000024.jpg,12,0.5723146200180054,0.49322575330734253,0.07394149154424667,366,236,1
0000024.jpg,13,0.5890769958496094,0.4452401101589203,-0.02121960185468197,377,213,1
0000024.jpg,14,0.5904173851013184,0.48467114567756653,0.021760348230600357,377,232,1
0000024.jpg,15,0.5881391763687134,0.47144395112991333,0.05314337834715843,376,226,1
0000024.jpg,16,0.5850623250007629,0.456055611371994,0.0646776407957077,374,218,1
0000024.jpg,17,0.6101038455963135,0.43687903881073,-0.02060903050005436,390,209,1
0000024.jpg,18,0.6039020419120789,0.45857205986976624,0.023520348593592644,386,220,1
0000024.jpg,19,0.6003108620643616,0.44404858350753784,0.04468085989356041,384,213,1
0000024.jpg,20,0.5991733074188232,0.42926928400993347,0.04994494467973709,383,206,1
0000025.jpg,0,0.5920936465263367,0.3184462785720825,-6.843903247499838e-05,378,152,1
0000025.jpg,1,0.5524486303329468,0.3707074522972107,0.04613204672932625,353,177,1
0000025.jpg,2,0.5399503111839294,0.413063645362854,0.05933532863855362,345,198,1
0000025.jpg,3,0.5374813675880432,0.44573938846588135,0.06972847878932953,343,213,1
0000025.jpg,4,0.5411447882652283,0.4759008288383484,0.07800283282995224,346,228,1
0000025.jpg,5,0.5349429845809937,0.4454342722892761,-0.015678446739912033,342,213,1
0000025.jpg,6,0.5297901034355164,0.5093026161193848,-0.006323602516204119,339,244,1
0000025.jpg,7,0.5274413824081421,0.5443311929702759,0.00672399066388607,337,261,1
0000025.jpg,8,0.5258464217185974,0.570052981376648,0.01820984110236168,336,273,1
0000025.jpg,9,0.5631075501441956,0.4476732313632965,-0.025565845891833305,360,214,1
0000025.jpg,10,0.5672165155410767,0.5045890212059021,0.005258667282760143,363,242,1
0000025.jpg,11,0.5701954364776611,0.5012794137001038,0.044431041926145554,364,240,1
0000025.jpg,12,0.5691371560096741,0.49160096049308777,0.06672336906194687,364,235,1
0000025.jpg,13,0.5897372961044312,0.44523224234580994,-0.02847350761294365,377,213,1
0000025.jpg,14,0.5894370675086975,0.4863896667957306,0.0146492850035429,377,233,1
0000025.jpg,15,0.587772786617279,0.4712187647819519,0.0479637011885643,376,226,1
0000025.jpg,16,0.5853691697120667,0.45298632979393005,0.059851132333278656,374,217,1
0000025.jpg,17,0.6115390658378601,0.4388039708137512,-0.028428513556718826,391,210,1
0000025.jpg,18,0.6055769324302673,0.4653678834438324,0.015894584357738495,387,223,1
0000025.jpg,19,0.6022168397903442,0.4512292146682739,0.039228782057762146,385,216,1
0000025.jpg,20,0.6014185547828674,0.4353284239768982,0.04632106050848961,384,208,1
0000026.jpg,0,0.5974475145339966,0.3200541138648987,-7.517750782426447e-05,382,153,1
0000026.jpg,1,0.5574149489402771,0.3685697317123413,0.048719797283411026,356,176,1
0000026.jpg,2,0.5437454581260681,0.4100288450717926,0.06321599334478378,347,196,1
0000026.jpg,3,0.5411325693130493,0.44355374574661255,0.07433009147644043,346,212,1
0000026.jpg,4,0.544491708278656,0.4730078876018524,0.08396425098180771,348,227,1
0000026.jpg,5,0.5359196066856384,0.44174492359161377,-0.012675720266997814,342,212,1
0000026.jpg,6,0.5267284512519836,0.506384015083313,-0.0030337406788021326,337,243,1
0000026.jpg,7,0.5222491025924683,0.5415425300598145,0.010543771088123322,334,259,1
0000026.jpg,8,0.5187234282493591,0.5672119855880737,0.022822078317403793,331,272,1
0000026.jpg,9,0.5633580088615417,0.44693824648857117,-0.023311855271458626,360,214,1
0000026.jpg,10,0.5652436017990112,0.5061843395233154,0.008914345875382423,361,242,1
0000026.jpg,11,0.5690004825592041,0.5026336312294006,0.04917844384908676,364,241,1
0000026.jpg,12,0.5686337351799011,0.4919772744178772,0.07188835740089417,363,236,1
0000026.jpg,13,0.5901373028755188,0.4466632902622223,-0.026884831488132477,377,214,1
0000026.jpg,14,0.5893890261650085,0.48968306183815,0.016387181356549263,377,235,1
0000026.jpg,15,0.5887972116470337,0.4740869700908661,0.04997515305876732,376,227,1
0000026.jpg,16,0.5869898200035095,0.45518460869789124,0.06179424375295639,375,218,1
0000026.jpg,17,0.6128761172294617,0.44170281291007996,-0.027050837874412537,392,212,1
0000026.jpg,18,0.607661247253418,0.4705888032913208,0.016561737284064293,388,225,1
0000026.jpg,19,0.6051366329193115,0.4566137194633484,0.04007093980908394,387,219,1
0000026.jpg,20,0.6046814322471619,0.43970879912376404,0.047435883432626724,386,211,1
0000027.jpg,0,0.6018142104148865,0.3203093111515045,-7.238297257572412e-05,385,153,1
0000027.jpg,1,0.5609986782073975,0.3665465712547302,0.0492931604385376,359,175,1
0000027.jpg,2,0.5467365384101868,0.40620237588882446,0.06518260389566422,349,194,1
0000027.jpg,3,0.5428458452224731,0.4383130371570587,0.07773060351610184,347,210,1
0000027.jpg,4,0.5448529720306396,0.46790868043899536,0.08896864205598831,348,224,1
0000027.jpg,5,0.5385875105857849,0.4400150775909424,-0.011688029393553734,344,211,1
0000027.jpg,6,0.5254436731338501,0.5024341344833374,-0.0056467121466994286,336,241,1
0000027.jpg,7,0.5181440711021423,0.5364798307418823,0.00688158767297864,331,257,1
0000027.jpg,8,0.5124539136886597,0.5605736374855042,0.02053210698068142,327,269,1
0000027.jpg,9,0.5659894943237305,0.44656696915626526,-0.020953843370079994,362,214,1
0000027.jpg,10,0.5634853839874268,0.5064467787742615,0.008242087438702583,360,243,1
0000027.jpg,11,0.5663169622421265,0.5041083097457886,0.05001017451286316,362,241,1
0000027.jpg,12,0.5663071870803833,0.493944376707077,0.07603467255830765,362,237,1
0000027.jpg,13,0.5924016237258911,0.44779378175735474,-0.023391906172037125,379,214,1
0000027.jpg,14,0.5881168842315674,0.49242761731147766,0.01771356537938118,376,236,1
0000027.jpg,15,0.5870092511177063,0.47829651832580566,0.054999809712171555,375,229,1
0000027.jpg,16,0.5856856107711792,0.4600808918476105,0.0711265429854393,374,220,1
0000027.jpg,17,0.6147221326828003,0.4437941014766693,-0.022282946854829788,393,213,1
0000027.jpg,18,0.6080390214920044,0.4732803404331207,0.022052738815546036,389,227,1
0000027.jpg,19,0.6051439046859741,0.460940420627594,0.04810160771012306,387,221,1
0000027.jpg,20,0.6048117876052856,0.4448225200176239,0.05849134922027588,387,213,1
0000028.jpg,0,0.6053844094276428,0.3196219503879547,-7.482141518266872e-05,387,153,1
0000028.jpg,1,0.5652477741241455,0.365277498960495,0.0487130805850029,361,175,1
0000028.jpg,2,0.5506885051727295,0.40478095412254333,0.06379280984401703,352,194,1
0000028.jpg,3,0.5466856956481934,0.43634092807769775,0.07584229111671448,349,209,1
0000028.jpg,4,0.5482999682426453,0.4663969874382019,0.08688545972108841,350,223,1
0000028.jpg,5,0.5391855239868164,0.43621826171875,-0.016147539019584656,345,209,1
0000028.jpg,6,0.5225583910942078,0.49612927436828613,-0.012280158698558807,334,238,1
0000028.jpg,7,0.513336181640625,0.5301811695098877,-0.000996501068584621,328,254,1
0000028.jpg,8,0.5061655640602112,0.5543757677078247,0.012142905965447426,323,266,1
0000028.jpg,9,0.5661382079124451,0.44415923953056335,-0.024904148653149605,362,213,1
0000028.jpg,10,0.5618780851364136,0.5051831603050232,0.0037888274528086185,359,242,1
0000028.jpg,11,0.5653104782104492,0.5023238658905029,0.04672972112894058,361,241,1
0000028.jpg,12,0.5656010508537292,0.49035394191741943,0.07342226803302765,361,235,1
0000028.jpg,13,0.5925772786140442,0.44677871465682983,-0.026526987552642822,379,214,1
0000028.jpg,14,0.587822437286377,0.4913797378540039,0.013783681206405163,376,235,1
0000028.jpg,15,0.5872039198875427,0.47562339901924133,0.051930077373981476,375,228,1
0000028.jpg,16,0.5858532786369324,0.4559645652770996,0.06869037449359894,374,218,1
0000028.jpg,17,0.6152572631835938,0.4442732334136963,-0.024449173361063004,393,213,1
0000028.jpg,18,0.6083250045776367,0.474326491355896,0.01871456392109394,389,227,1
0000028.jpg,19,0.6057913303375244,0.4621790647506714,0.0443655401468277,387,221,1
0000028.jpg,20,0.6055232286453247,0.44609108567237854,0.054810818284749985,387,214,1
0000029.jpg,0,0.6102815866470337,0.32053884863853455,-7.719225686741993e-05,390,153,1
0000029.jpg,1,0.569392740726471,0.36350923776626587,0.04886807128787041,364,174,1
0000029.jpg,2,0.5532623529434204,0.4006766676902771,0.06343112885951996,354,192,1
0000029.jpg,3,0.5487155914306641,0.4316789507865906,0.07460308820009232,351,207,1
0000029.jpg,4,0.5506705641746521,0.46107131242752075,0.08513198792934418,352,221,1
0000029.jpg,5,0.5400147438049316,0.4302082657814026,-0.016129743307828903,345,206,1
0000029.jpg,6,0.5204084515571594,0.48890209197998047,-0.013988704420626163,333,234,1
0000029.jpg,7,0.5099513530731201,0.5231348276138306,-0.004027052316814661,326,251,1
0000029.jpg,8,0.501846969127655,0.5477613210678101,0.007932406850159168,321,262,1
0000029.jpg,9,0.566122829914093,0.4407026171684265,-0.025410981848835945,362,211,1
0000029.jpg,10,0.559045672416687,0.5035459399223328,0.0011606969637796283,357,241,1
0000029.jpg,11,0.5643841028213501,0.5018597841262817,0.04400643706321716,361,240,1
0000029.jpg,12,0.5664389133453369,0.48974764347076416,0.07046309858560562,362,235,1
0000029.jpg,13,0.5922392010688782,0.44582727551460266,-0.02773355320096016,379,213,1
0000029.jpg,14,0.585512101650238,0.4920274615287781,0.010799773968756199,374,236,1
0000029.jpg,15,0.5857771635055542,0.4774879813194275,0.050433091819286346,374,229,1
0000029.jpg,16,0.5852342247962952,0.4581749737262726,0.06840521097183228,374,219,1
0000029.jpg,17,0.6150527000427246,0.44552335143089294,-0.026312869042158127,393,213,1
0000029.jpg,18,0.6067032814025879,0.4766034185886383,0.014898449182510376,388,228,1
0000029.jpg,19,0.6043457388877869,0.4659155309200287,0.04144732654094696,386,223,1
0000029.jpg,20,0.6043989062309265,0.4503452181816101,0.052864205092191696,386,216,1
0000030.jpg,0,0.6153334379196167,0.3221358060836792,-7.947547419462353e-05,393,154,1
0000030.jpg,1,0.5733433961868286,0.36213594675064087,0.04850481078028679,366,173,1
0000030.jpg,2,0.5558959245681763,0.3977067172527313,0.06258493661880493,355,190,1
0000030.jpg,3,0.5503492951393127,0.42832091450691223,0.07294230908155441,352,205,1
0000030.jpg,4,0.5511488318443298,0.45822402834892273,0.08288082480430603,352,219,1
0000030.jpg,5,0.5414586067199707,0.42570802569389343,-0.015216200612485409,346,204,1
0000030.jpg,6,0.5199570655822754,0.4829121232032776,-0.013678714632987976,332,231,1
0000030.jpg,7,0.5081490278244019,0.5166804194450378,-0.004429945256561041,325,248,1
0000030.jpg,8,0.4984336495399475,0.5408492684364319,0.006852887105196714,318,259,1
0000030.jpg,9,0.5664823055267334,0.43765243887901306,-0.025130130350589752,362,210,1
0000030.jpg,10,0.5572648644447327,0.5005450248718262,-7.536499470006675e-05,356,240,1
0000030.jpg,11,0.563547670841217,0.5002592206001282,0.04223749786615372,360,240,1
0000030.jpg,12,0.5664138793945312,0.4882452189922333,0.06861836463212967,362,234,1
0000030.jpg,13,0.5920644998550415,0.44462838768959045,-0.028583519160747528,378,213,1
0000030.jpg,14,0.5838636755943298,0.49206382036209106,0.007897671312093735,373,236,1
0000030.jpg,15,0.5853341817855835,0.47895708680152893,0.047223713248968124,374,229,1
0000030.jpg,16,0.5857131481170654,0.4597860276699066,0.06553833931684494,374,220,1
0000030.jpg,17,0.6150514483451843,0.4459180235862732,-0.02812773361802101,393,214,1
0000030.jpg,18,0.6064544916152954,0.4775920808315277,0.011144386604428291,388,229,1
0000030.jpg,19,0.6052112579345703,0.4677366614341736,0.037917692214250565,387,224,1
0000030.jpg,20,0.6062710881233215,0.4522031843662262,0.05000348389148712,388,217,1
0000031.jpg,0,0.6210328340530396,0.3236374855041504,-7.79445399530232e-05,397,155,1
0000031.jpg,1,0.5785282850265503,0.36023369431495667,0.049011118710041046,370,172,1
0000031.jpg,2,0.5599901080131531,0.39458194375038147,0.06269202381372452,358,189,1
0000031.jpg,3,0.5535047054290771,0.4246038794517517,0.07212961465120316,354,203,1
0000031.jpg,4,0.5528741478919983,0.4548446834087372,0.08112850040197372,353,218,1
0000031.jpg,5,0.5433807969093323,0.420553982257843,-0.013383792713284492,347,201,1
0000031.jpg,6,0.5197864174842834,0.4753328561782837,-0.012870972976088524,332,228,1
0000031.jpg,7,0.506577730178833,0.508217453956604,-0.0036979378201067448,324,243,1
0000031.jpg,8,0.4958007335662842,0.5313463807106018,0.007496925536543131,317,255,1
0000031.jpg,9,0.5671622157096863,0.4337855875492096,-0.024511026218533516,362,208,1
0000031.jpg,10,0.5551432371139526,0.4968906044960022,-0.0018514444818720222,355,238,1
0000031.jpg,11,0.5623235106468201,0.49992918968200684,0.04031577706336975,359,239,1
0000031.jpg,12,0.5666897296905518,0.48971307277679443,0.06781409680843353,362,235,1
0000031.jpg,13,0.5921597480773926,0.4424063563346863,-0.029729191213846207,378,212,1
0000031.jpg,14,0.5826067924499512,0.4911506175994873,0.004065589979290962,372,235,1
0000031.jpg,15,0.5853359699249268,0.48037755489349365,0.043671123683452606,374,230,1
0000031.jpg,16,0.5867705941200256,0.46205154061317444,0.06310957670211792,375,221,1
0000031.jpg,17,0.615238606929779,0.4455525875091553,-0.030798934400081635,393,213,1
0000031.jpg,18,0.6065181493759155,0.4792426526546478,0.005760823376476765,388,230,1
0000031.jpg,19,0.6053761839866638,0.4716886878013611,0.03238984942436218,387,226,1
0000031.jpg,20,0.6066359877586365,0.4565007984638214,0.0454942062497139,388,219,1
0000032.jpg,0,0.6286028027534485,0.3263530135154724,-7.055184687487781e-05,402,156,1
0000032.jpg,1,0.5851849913597107,0.35814595222473145,0.049734003841876984,374,171,1
0000032.jpg,2,0.5644111037254333,0.390632301568985,0.06356716901063919,361,187,1
0000032.jpg,3,0.5549577474594116,0.4193148910999298,0.07244843989610672,355,201,1
0000032.jpg,4,0.5509294271469116,0.4495167136192322,0.08068221807479858,352,215,1
0000032.jpg,5,0.5452515482902527,0.4136678874492645,-0.01169104315340519,348,198,1
0000032.jpg,6,0.5188118815422058,0.4661839008331299,-0.012201218865811825,332,223,1
0000032.jpg,7,0.5038147568702698,0.49917930364608765,-0.0036267274990677834,322,239,1
0000032.jpg,8,0.4919030964374542,0.5223170518875122,0.006559358444064856,314,250,1
0000032.jpg,9,0.5681494474411011,0.42823928594589233,-0.0247432142496109,363,205,1
0000032.jpg,10,0.5531900525093079,0.4924210011959076,-0.0030401162803173065,354,236,1
0000032.jpg,11,0.5616242289543152,0.499184787273407,0.038639575242996216,359,239,1
0000032.jpg,12,0.5675870180130005,0.4906448721885681,0.06600731611251831,363,235,1
0000032.jpg,13,0.5930460095405579,0.4396211802959442,-0.03201461210846901,379,211,1
0000032.jpg,14,0.5814732313156128,0.4897848069667816,-3.7592129956465214e-05,372,235,1
0000032.jpg,15,0.5859689116477966,0.4819284975528717,0.039653148502111435,375,231,1
0000032.jpg,16,0.5888827443122864,0.46497204899787903,0.05913442000746727,376,223,1
0000032.jpg,17,0.6165977120399475,0.4460993707180023,-0.03503001108765602,394,214,1
0000032.jpg,18,0.6063091158866882,0.4815234839916229,-0.0014275402063503861,388,231,1
0000032.jpg,19,0.6053048968315125,0.47632724046707153,0.02501838654279709,387,228,1
0000032.jpg,20,0.6069093346595764,0.46251049637794495,0.038817308843135834,388,222,1
0000033.jpg,0,0.6348615884780884,0.32999566197395325,-6.86405910528265e-05,406,158,1
0000033.jpg,1,0.5897724628448486,0.3599557876586914,0.04937731474637985,377,172,1
0000033.jpg,2,0.5677831172943115,0.38955798745155334,0.06173517554998398,363,186,1
0000033.jpg,3,0.5567352771759033,0.4163113832473755,0.06913962215185165,356,199,1
0000033.jpg,4,0.5500615239143372,0.44638916850090027,0.07570817321538925,352,214,1
0000033.jpg,5,0.5472603440284729,0.40854230523109436,-0.014450864866375923,350,196,1
0000033.jpg,6,0.518462061882019,0.45713773369789124,-0.01788374036550522,331,219,1
0000033.jpg,7,0.5012269020080566,0.48931506276130676,-0.011817102320492268,320,234,1
0000033.jpg,8,0.4876457452774048,0.511669933795929,-0.0032734547276049852,312,245,1
0000033.jpg,9,0.569431722164154,0.42366331815719604,-0.028355348855257034,364,203,1
0000033.jpg,10,0.550900399684906,0.48631682991981506,-0.009587553329765797,352,233,1
0000033.jpg,11,0.5599292516708374,0.4957709312438965,0.03086567483842373,358,237,1
0000033.jpg,12,0.5670706629753113,0.4891098141670227,0.05736752599477768,362,234,1
0000033.jpg,13,0.5936022996902466,0.43716734647750854,-0.03650887310504913,379,209,1
0000033.jpg,14,0.5796138048171997,0.4870107173919678,-0.006632388103753328,370,233,1
0000033.jpg,15,0.5850640535354614,0.48042014241218567,0.033887363970279694,374,230,1
0000033.jpg,16,0.5892099142074585,0.46422266960144043,0.05392030254006386,377,222,1
0000033.jpg,17,0.616750955581665,0.44643986225128174,-0.040380049496889114,394,214,1
0000033.jpg,18,0.6043794751167297,0.4819687306880951,-0.008293918333947659,386,231,1
0000033.jpg,19,0.6034901142120361,0.4774375557899475,0.018671846017241478,386,229,1
0000033.jpg,20,0.605974555015564,0.4642598628997803,0.03331490233540535,387,222,1
0000034.jpg,0,0.6402792930603027,0.33073586225509644,-6.414830568246543e-05,409,158,1
0000034.jpg,1,0.5963339805603027,0.3524671494960785,0.047803521156311035,381,169,1
0000034.jpg,2,0.5722321271896362,0.3797271251678467,0.05994805321097374,366,182,1
0000034.jpg,3,0.5597964525222778,0.40711548924446106,0.06683282554149628,358,195,1
0000034.jpg,4,0.5537853837013245,0.4360214173793793,0.07336856424808502,354,209,1
0000034.jpg,5,0.5511730313301086,0.399849534034729,-0.010937199927866459,352,191,1
0000034.jpg,6,0.5195826292037964,0.4481652081012726,-0.012156869284808636,332,215,1
0000034.jpg,7,0.5019006133079529,0.47882941365242004,-0.005399724934250116,321,229,1
0000034.jpg,8,0.48742473125457764,0.5000405311584473,0.0024776398204267025,311,240,1
0000034.jpg,9,0.5714836716651917,0.41790884733200073,-0.024990983307361603,365,200,1
0000034.jpg,10,0.5496141910552979,0.48169881105422974,-0.007188304327428341,351,231,1
0000034.jpg,11,0.5585663914680481,0.49170589447021484,0.0312814824283123,357,236,1
0000034.jpg,12,0.5659739971160889,0.4843195676803589,0.05649692192673683,362,232,1
0000034.jpg,13,0.5944095253944397,0.4338008463382721,-0.033581867814064026,380,208,1
0000034.jpg,14,0.5775701403617859,0.4845467209815979,-0.005137289874255657,369,232,1
0000034.jpg,15,0.583692193031311,0.4782487750053406,0.03232264891266823,373,229,1
0000034.jpg,16,0.5885420441627502,0.46144676208496094,0.05066067725419998,376,221,1
0000034.jpg,17,0.6171983480453491,0.4448568522930145,-0.03777136281132698,395,213,1
0000034.jpg,18,0.6027977466583252,0.48158857226371765,-0.007946080528199673,385,231,1
0000034.jpg,19,0.6024448275566101,0.47667670249938965,0.016939915716648102,385,228,1
0000034.jpg,20,0.6056406497955322,0.46259498596191406,0.030173659324645996,387,222,1
0000035.jpg,0,0.6450721025466919,0.33331239223480225,-6.44649553578347e-05,412,159,1
0000035.jpg,1,0.6000828146934509,0.35232487320899963,0.048445090651512146,384,169,1
0000035.jpg,2,0.575528085231781,0.37719735503196716,0.060320887714624405,368,181,1
0000035.jpg,3,0.5625138282775879,0.4034915268421173,0.06661997735500336,360,193,1
0000035.jpg,4,0.5550721883773804,0.4316651225090027,0.07160647958517075,355,207,1
0000035.jpg,5,0.553049623966217,0.3942810893058777,-0.009268408641219139,353,189,1
0000035.jpg,6,0.5193499326705933,0.4393087923526764,-0.010721537284553051,332,210,1
0000035.jpg,7,0.49943864345550537,0.4686611294746399,-0.0047271354123950005,319,224,1
0000035.jpg,8,0.48375412821769714,0.4894297420978546,0.0026627331972122192,309,234,1
0000035.jpg,9,0.572569727897644,0.41340795159339905,-0.02355686016380787,366,198,1
0000035.jpg,10,0.547258734703064,0.4739286005496979,-0.005833545234054327,350,227,1
0000035.jpg,11,0.5550565123558044,0.48685237765312195,0.03134399652481079,355,233,1
0000035.jpg,12,0.5628882646560669,0.48230457305908203,0.05589939281344414,360,231,1
0000035.jpg,13,0.5945395827293396,0.4314669966697693,-0.032314468175172806,380,207,1
0000035.jpg,14,0.5757574439048767,0.4797564744949341,-0.0032876539044082165,368,230,1
0000035.jpg,15,0.5822573304176331,0.473798006772995,0.034716762602329254,372,227,1
0000035.jpg,16,0.5882588624954224,0.4571807384490967,0.052992239594459534,376,219,1
0000035.jpg,17,0.616425633430481,0.4450262486934662,-0.03681924194097519,394,213,1
0000035.jpg,18,0.6005380153656006,0.48050737380981445,-0.006515340879559517,384,230,1
0000035.jpg,19,0.600191056728363,0.475416362285614,0.018704306334257126,384,228,1
0000035.jpg,20,0.6039727926254272,0.4611630141735077,0.03198564425110817,386,221,1
0000036.jpg,0,0.6482973694801331,0.3350798785686493,-5.95414821873419e-05,414,160,1
0000036.jpg,1,0.6042994856834412,0.3487394452095032,0.04866183549165726,386,167,1
0000036.jpg,2,0.578191339969635,0.3706333637237549,0.06128179654479027,370,177,1
0000036.jpg,3,0.5632065534591675,0.39502090215682983,0.06831084191799164,360,189,1
0000036.jpg,4,0.5547113418579102,0.42092159390449524,0.07406307756900787,355,202,1
0000036.jpg,5,0.5557138919830322,0.3879752457141876,-0.006531941704452038,355,186,1
0000036.jpg,6,0.5196085572242737,0.4305354654788971,-0.0076097301207482815,332,206,1
0000036.jpg,7,0.4984593689441681,0.4583646357059479,-0.0017959079705178738,319,220,1
0000036.jpg,8,0.4815998077392578,0.47786420583724976,0.0050787730142474174,308,229,1
0000036.jpg,9,0.5732998847961426,0.4086180031299591,-0.020977459847927094,366,196,1
0000036.jpg,10,0.5445876121520996,0.46790915727615356,-0.00421664584428072,348,224,1
0000036.jpg,11,0.5520142912864685,0.48160111904144287,0.03220916911959648,353,231,1
0000036.jpg,12,0.5607360005378723,0.47693461179733276,0.05661863833665848,358,228,1
0000036.jpg,13,0.5938870310783386,0.42850327491760254,-0.03000710904598236,380,205,1
0000036.jpg,14,0.5727831125259399,0.475630521774292,-0.0026511976029723883,366,228,1
0000036.jpg,15,0.579721212387085,0.4710769057273865,0.0336894765496254,371,226,1
0000036.jpg,16,0.5867671370506287,0.4550030529499054,0.051451440900564194,375,218,1
0000036.jpg,17,0.6152845025062561,0.4439907968044281,-0.03467826545238495,393,213,1
0000036.jpg,18,0.5978270173072815,0.4784170687198639,-0.006050199270248413,382,229,1
0000036.jpg,19,0.5979549884796143,0.47391512989997864,0.018188610672950745,382,227,1
0000036.jpg,20,0.602538526058197,0.46018722653388977,0.031374603509902954,385,220,1
0000037.jpg,0,0.6501256227493286,0.3363196849822998,-5.539233097806573e-05,416,161,1
0000037.jpg,1,0.606334388256073,0.3473789393901825,0.04810590296983719,388,166,1
0000037.jpg,2,0.57966548204422,0.3686199486255646,0.05967287719249725,370,176,1
0000037.jpg,3,0.5649719834327698,0.39341646432876587,0.06514713168144226,361,188,1
0000037.jpg,4,0.5567046999931335,0.4188285171985626,0.06869938969612122,356,201,1
0000037.jpg,5,0.5569041967391968,0.38227027654647827,-0.005998754408210516,356,183,1
0000037.jpg,6,0.5195418000221252,0.42307689785957336,-0.006250560283660889,332,203,1
0000037.jpg,7,0.49810969829559326,0.4493753910064697,0.0003354860527906567,318,215,1
0000037.jpg,8,0.4813951551914215,0.46778109669685364,0.007696390617638826,308,224,1
0000037.jpg,9,0.5739036202430725,0.40329140424728394,-0.020881133154034615,367,193,1
0000037.jpg,10,0.5421204566955566,0.45962339639663696,-0.005365686025470495,346,220,1
0000037.jpg,11,0.5457507967948914,0.4774521291255951,0.029246842488646507,349,229,1
0000037.jpg,12,0.5527886748313904,0.47723251581192017,0.053052451461553574,353,229,1
0000037.jpg,13,0.5939599275588989,0.42444169521331787,-0.0302151907235384,380,203,1
0000037.jpg,14,0.5701084136962891,0.47110819816589355,-0.0029488157015293837,364,226,1
0000037.jpg,15,0.5772011280059814,0.4671289026737213,0.032832544296979904,369,224,1
0000037.jpg,16,0.5853949785232544,0.45176488161087036,0.05074039474129677,374,216,1
0000037.jpg,17,0.6150120496749878,0.44209152460098267,-0.03547893464565277,393,212,1
0000037.jpg,18,0.5956150889396667,0.4763886034488678,-0.007344937417656183,381,228,1
0000037.jpg,19,0.5959643125534058,0.4718216061592102,0.01657630316913128,381,226,1
0000037.jpg,20,0.6016319990158081,0.4586002230644226,0.030066953971982002,385,220,1
0000038.jpg,0,0.6519520878791809,0.3368561863899231,-5.542595317820087e-05,417,161,1
0000038.jpg,1,0.6092513203620911,0.34371158480644226,0.047935694456100464,389,164,1
0000038.jpg,2,0.5815393328666687,0.36370381712913513,0.05963961035013199,372,174,1
0000038.jpg,3,0.5656037330627441,0.38819730281829834,0.0650695264339447,361,186,1
0000038.jpg,4,0.5567708015441895,0.4126758277416229,0.06837662309408188,356,198,1
0000038.jpg,5,0.5591896176338196,0.3765445053577423,-0.006580069661140442,357,180,1
0000038.jpg,6,0.5196829438209534,0.4155125319957733,-0.008078391663730145,332,199,1
0000038.jpg,7,0.4974318742752075,0.4413274824619293,-0.0026288172230124474,318,211,1
0000038.jpg,8,0.48000454902648926,0.46001070737838745,0.003341410309076309,307,220,1
0000038.jpg,9,0.5746265649795532,0.3980458974838257,-0.021727021783590317,367,191,1
0000038.jpg,10,0.539776623249054,0.45245233178138733,-0.008015681058168411,345,217,1
0000038.jpg,11,0.5422077178955078,0.47207194566726685,0.02536018192768097,347,226,1
0000038.jpg,12,0.5490694642066956,0.47350215911865234,0.04896790534257889,351,227,1
0000038.jpg,13,0.593596875667572,0.4200151264667511,-0.03135574609041214,379,201,1
0000038.jpg,14,0.5663426518440247,0.4670220911502838,-0.006997936870902777,362,224,1
0000038.jpg,15,0.5731930732727051,0.46668434143066406,0.02791520021855831,366,224,1
0000038.jpg,16,0.5823549032211304,0.4535937011241913,0.046793125569820404,372,217,1
0000038.jpg,17,0.6145104169845581,0.43888065218925476,-0.03687656670808792,393,210,1
0000038.jpg,18,0.5930026769638062,0.47408029437065125,-0.011369164101779461,379,227,1
0000038.jpg,19,0.5936030149459839,0.47102412581443787,0.013099510222673416,379,226,1
0000038.jpg,20,0.600239634513855,0.4584047794342041,0.02846037968993187,384,220,1
0000039.jpg,0,0.6515722870826721,0.3370267450809479,-4.897098915535025e-05,417,161,1
0000039.jpg,1,0.6109197735786438,0.33965009450912476,0.047874655574560165,390,163,1
0000039.jpg,2,0.5823794007301331,0.35751524567604065,0.05998022109270096,372,171,1
0000039.jpg,3,0.5657162666320801,0.3816996216773987,0.06558447331190109,362,183,1
0000039.jpg,4,0.5573844909667969,0.40447238087654114,0.06939984112977982,356,194,1
0000039.jpg,5,0.5606400966644287,0.3714567720890045,-0.006386780180037022,358,178,1
0000039.jpg,6,0.5198628306388855,0.41062062978744507,-0.007185531780123711,332,197,1
0000039.jpg,7,0.49712085723876953,0.43576210737228394,-0.0010583760449662805,318,209,1
0000039.jpg,8,0.4790612459182739,0.45311614871025085,0.005149210337549448,306,217,1
0000039.jpg,9,0.5746572613716125,0.39336711168289185,-0.02230602316558361,367,188,1
0000039.jpg,10,0.5377218127250671,0.44788995385169983,-0.008768811821937561,344,214,1
0000039.jpg,11,0.5405685305595398,0.4674406349658966,0.024899734184145927,345,224,1
0000039.jpg,12,0.5486021637916565,0.4679589867591858,0.048852331936359406,351,224,1
0000039.jpg,13,0.5927953124046326,0.4159596860408783,-0.032793134450912476,379,199,1
0000039.jpg,14,0.5638678073883057,0.4634338319301605,-0.010485324077308178,360,222,1
0000039.jpg,15,0.5715436935424805,0.46518656611442566,0.022348076105117798,365,223,1
0000039.jpg,16,0.5821099877357483,0.45263954997062683,0.040710173547267914,372,217,1
0000039.jpg,17,0.6136090755462646,0.4362223446369171,-0.03917982056736946,392,209,1
0000039.jpg,18,0.5904889702796936,0.4723566174507141,-0.01627364382147789,377,226,1
0000039.jpg,19,0.5921031832695007,0.4702609181404114,0.006812522187829018,378,225,1
0000039.jpg,20,0.6004045009613037,0.4575709402561188,0.021881291642785072,384,219,1
0000040.jpg,0,0.6515696048736572,0.3391978442668915,-4.6349123294930905e-05,417,162,1
0000040.jpg,1,0.6123883128166199,0.3397349417209625,0.04741140455007553,391,163,1
0000040.jpg,2,0.5832774639129639,0.35591065883636475,0.05807673558592796,373,170,1
0000040.jpg,3,0.5659446120262146,0.37976959347724915,0.06234972923994064,362,182,1
0000040.jpg,4,0.5574753880500793,0.40249988436698914,0.0650496855378151,356,193,1
0000040.jpg,5,0.5621853470802307,0.36780762672424316,-0.009521616622805595,359,176,1
0000040.jpg,6,0.5201824307441711,0.40644368529319763,-0.011078964918851852,332,195,1
0000040.jpg,7,0.49683675169944763,0.431381493806839,-0.005682585295289755,317,207,1
0000040.jpg,8,0.4783703684806824,0.4483388662338257,-0.0009775360813364387,306,215,1
0000040.jpg,9,0.5754261612892151,0.3896699845790863,-0.026524120941758156,368,187,1
0000040.jpg,10,0.5362828969955444,0.44375601410865784,-0.015236341394484043,343,213,1
0000040.jpg,11,0.5392679572105408,0.4639716148376465,0.017484528943896294,345,222,1
0000040.jpg,12,0.548151433467865,0.4646228551864624,0.0407954640686512,350,223,1
0000040.jpg,13,0.5930829048156738,0.41300445795059204,-0.0379362478852272,379,198,1
0000040.jpg,14,0.5616627931594849,0.4609334170818329,-0.018200594931840897,359,221,1
0000040.jpg,15,0.5695502758026123,0.4646502733230591,0.013920064084231853,364,223,1
0000040.jpg,16,0.5809645056724548,0.4531479477882385,0.03234192728996277,371,217,1
0000040.jpg,17,0.6136913895606995,0.43478861451148987,-0.04522864520549774,392,208,1
0000040.jpg,18,0.5883821845054626,0.47125521302223206,-0.024910328909754753,376,226,1
0000040.jpg,19,0.590191662311554,0.4704013466835022,-0.0028119911439716816,377,225,1
0000040.jpg,20,0.5991975665092468,0.45869895815849304,0.012053769081830978,383,220,1
0000041.jpg,0,0.6526752710342407,0.34208163619041443,-3.847209518426098e-05,417,164,1
0000041.jpg,1,0.6138181686401367,0.3403420150279999,0.045788973569869995,392,163,1
0000041.jpg,2,0.5834513306617737,0.35608258843421936,0.05549803003668785,373,170,1
0000041.jpg,3,0.5650413632392883,0.3800586462020874,0.05906848609447479,361,182,1
0000041.jpg,4,0.5563020706176758,0.40333202481269836,0.06145540252327919,356,193,1
0000041.jpg,5,0.564539909362793,0.36635637283325195,-0.013668698258697987,361,175,1
0000041.jpg,6,0.5218188166618347,0.40404635667800903,-0.015542917884886265,333,193,1
0000041.jpg,7,0.49865826964378357,0.4282248318195343,-0.008786874823272228,319,205,1
0000041.jpg,8,0.4800187945365906,0.44411590695381165,-0.002785351127386093,307,213,1
0000041.jpg,9,0.5774921774864197,0.3880618214607239,-0.029797736555337906,369,186,1
0000041.jpg,10,0.5370110869407654,0.4407517611980438,-0.020460069179534912,343,211,1
0000041.jpg,11,0.5384328961372375,0.46206459403038025,0.01230668369680643,344,221,1
0000041.jpg,12,0.5463108420372009,0.46443966031074524,0.03633318841457367,349,222,1
0000041.jpg,13,0.5946660041809082,0.4113820791244507,-0.04024425894021988,380,197,1
0000041.jpg,14,0.5615308284759521,0.45983657240867615,-0.021676573902368546,359,220,1
0000041.jpg,15,0.5687509179115295,0.46491819620132446,0.011543633416295052,364,223,1
0000041.jpg,16,0.5800285935401917,0.45453283190727234,0.031849805265665054,371,218,1
0000041.jpg,17,0.6146462559700012,0.43304646015167236,-0.046699367463588715,393,207,1
0000041.jpg,18,0.5885176658630371,0.46985241770744324,-0.0271436870098114,376,225,1
0000041.jpg,19,0.5904244184494019,0.4700348377227783,-0.004428431391716003,377,225,1
0000041.jpg,20,0.5995514988899231,0.4596046209335327,0.011876682750880718,383,220,1
0000042.jpg,0,0.6521942019462585,0.3452233076095581,-3.346854282426648e-05,417,165,1
0000042.jpg,1,0.6140992045402527,0.3417527377605438,0.04497958719730377,393,164,1
0000042.jpg,2,0.5839449167251587,0.35563358664512634,0.0536603182554245,373,170,1
0000042.jpg,3,0.565201461315155,0.3785172402858734,0.05660776421427727,361,181,1
0000042.jpg,4,0.5558124780654907,0.400534063577652,0.058057185262441635,355,192,1
0000042.jpg,5,0.5657020807266235,0.3655991554260254,-0.01686549186706543,362,175,1
0000042.jpg,6,0.5220116972923279,0.40285834670066833,-0.019544146955013275,334,193,1
0000042.jpg,7,0.4984275698661804,0.4260616898536682,-0.01329299807548523,318,204,1
0000042.jpg,8,0.4795307517051697,0.4416285455226898,-0.007818598300218582,306,211,1
0000042.jpg,9,0.5784931778907776,0.38826289772987366,-0.032562945038080215,370,186,1
0000042.jpg,10,0.5371434688568115,0.4380035400390625,-0.026059970259666443,343,210,1
0000042.jpg,11,0.5343773365020752,0.4598993957042694,0.004798330832272768,342,220,1
0000042.jpg,12,0.5390801429748535,0.46482929587364197,0.02753572165966034,345,223,1
0000042.jpg,13,0.5951257944107056,0.4123460054397583,-0.04222260043025017,380,197,1
0000042.jpg,14,0.5615251660346985,0.45901745557785034,-0.02470976486802101,359,220,1
0000042.jpg,15,0.5676779747009277,0.4637545943260193,0.00938410684466362,363,222,1
0000042.jpg,16,0.5783345699310303,0.45427173376083374,0.030233727768063545,370,218,1
0000042.jpg,17,0.6146743893623352,0.4347098469734192,-0.048103101551532745,393,208,1
0000042.jpg,18,0.5881551504135132,0.47025805711746216,-0.029054371640086174,376,225,1
0000042.jpg,19,0.5892996788024902,0.4701026678085327,-0.006747277453541756,377,225,1
0000042.jpg,20,0.5975604057312012,0.46039879322052,0.009160489775240421,382,220,1
0000043.jpg,0,0.6514755487442017,0.34825098514556885,-3.7584512028843164e-05,416,167,1
0000043.jpg,1,0.6132110357284546,0.34352830052375793,0.04281820356845856,392,164,1
0000043.jpg,2,0.5825929641723633,0.35841697454452515,0.050173319876194,372,172,1
0000043.jpg,3,0.5635883808135986,0.3827494978904724,0.05191950872540474,360,183,1
0000043.jpg,4,0.5541179776191711,0.40559113025665283,0.05183771997690201,354,194,1
0000043.jpg,5,0.5649098753929138,0.36609354615211487,-0.01775478944182396,361,175,1
0000043.jpg,6,0.5215103626251221,0.40246275067329407,-0.019528547301888466,333,193,1
0000043.jpg,7,0.4984816014766693,0.4255710244178772,-0.012224603444337845,319,204,1
0000043.jpg,8,0.4802018404006958,0.4412347376346588,-0.006294551305472851,307,211,1
0000043.jpg,9,0.5779125690460205,0.3886984586715698,-0.03305753692984581,369,186,1
0000043.jpg,10,0.5376193523406982,0.4383678138256073,-0.026232631877064705,344,210,1
0000043.jpg,11,0.5349984765052795,0.4599495232105255,0.003667505457997322,342,220,1
0000043.jpg,12,0.5403027534484863,0.4644818603992462,0.025529224425554276,345,222,1
0000043.jpg,13,0.5946873426437378,0.4127660095691681,-0.04236749932169914,380,198,1
0000043.jpg,14,0.5622684955596924,0.45984411239624023,-0.023539649322628975,359,220,1
0000043.jpg,15,0.568317711353302,0.46392586827278137,0.00945331808179617,363,222,1
0000043.jpg,16,0.5789198279380798,0.4540650248527527,0.02922944352030754,370,217,1
0000043.jpg,17,0.6141138076782227,0.4351886510848999,-0.0482235811650753,393,208,1
0000043.jpg,18,0.5883307456970215,0.47116896510124207,-0.027959836646914482,376,226,1
0000043.jpg,19,0.5894335508346558,0.47113659977912903,-0.005870319437235594,377,226,1
0000043.jpg,20,0.5975614786148071,0.46182870864868164,0.009244010783731937,382,221,1
0000044.jpg,0,0.6516919136047363,0.34950539469718933,-3.764138091355562e-05,417,167,1
0000044.jpg,1,0.6140134930610657,0.3442365825176239,0.04276732727885246,392,165,1
0000044.jpg,2,0.5834640264511108,0.35787221789360046,0.05034446343779564,373,171,1
0000044.jpg,3,0.564514696598053,0.38098546862602234,0.052306171506643295,361,182,1
0000044.jpg,4,0.555377721786499,0.40344399213790894,0.052750591188669205,355,193,1
0000044.jpg,5,0.5662723183631897,0.3664018213748932,-0.018067220225930214,362,175,1
0000044.jpg,6,0.5221899747848511,0.40225887298583984,-0.020557692274451256,334,193,1
0000044.jpg,7,0.498588889837265,0.42509469389915466,-0.014439762569963932,319,204,1
0000044.jpg,8,0.48005399107933044,0.44075971841812134,-0.009732136502861977,307,211,1
0000044.jpg,9,0.5788854956626892,0.38904818892478943,-0.033251915127038956,370,186,1
0000044.jpg,10,0.5374948978424072,0.4377758502960205,-0.02696254290640354,343,210,1
0000044.jpg,11,0.5340783596038818,0.45902037620544434,0.002337935846298933,341,220,1
0000044.jpg,12,0.538999617099762,0.46394091844558716,0.023723604157567024,344,222,1
0000044.jpg,13,0.5952034592628479,0.41330766677856445,-0.04268990084528923,380,198,1
0000044.jpg,14,0.5616682171821594,0.459717720746994,-0.02418280951678753,359,220,1
0000044.jpg,15,0.5671941041946411,0.46393299102783203,0.009581917896866798,363,222,1
0000044.jpg,16,0.5776874423027039,0.45446041226387024,0.03000117465853691,369,218,1
0000044.jpg,17,0.6143127679824829,0.4360046684741974,-0.04862702637910843,393,209,1
0000044.jpg,18,0.5874717235565186,0.47168421745300293,-0.02967049367725849,375,226,1
0000044.jpg,19,0.5881131887435913,0.47216618061065674,-0.007806857582181692,376,226,1
0000044.jpg,20,0.5961179137229919,0.46338745951652527,0.00771345617249608,381,222,1
0000045.jpg,0,0.6511512994766235,0.35177379846572876,-3.548679160303436e-05,416,168,1
0000045.jpg,1,0.6133183240890503,0.3458537459373474,0.04208182543516159,392,166,1
0000045.jpg,2,0.5829026699066162,0.35913345217704773,0.04882294684648514,373,172,1
0000045.jpg,3,0.5632126927375793,0.38212233781814575,0.05024852231144905,360,183,1
0000045.jpg,4,0.5531779527664185,0.4048178195953369,0.05009765177965164,354,194,1
0000045.jpg,5,0.5660076141357422,0.367012619972229,-0.020196806639432907,362,176,1
0000045.jpg,6,0.5216577649116516,0.4027198553085327,-0.021824384108185768,333,193,1
0000045.jpg,7,0.49837690591812134,0.42565596103668213,-0.014802820980548859,318,204,1
0000045.jpg,8,0.4799416661262512,0.4414908289909363,-0.009456177242100239,307,211,1
0000045.jpg,9,0.5787095427513123,0.3902323544025421,-0.03492097929120064,370,187,1
0000045.jpg,10,0.5376806259155273,0.4385313391685486,-0.02727871760725975,344,210,1
0000045.jpg,11,0.5343621373176575,0.45997145771980286,0.0029157239478081465,341,220,1
0000045.jpg,12,0.539304792881012,0.46504896879196167,0.024541141465306282,345,223,1
0000045.jpg,13,0.5948387384414673,0.4150320291519165,-0.04350005090236664,380,199,1
0000045.jpg,14,0.561533510684967,0.46054792404174805,-0.023341815918684006,359,221,1
0000045.jpg,15,0.5673573017120361,0.4644485414028168,0.010532934218645096,363,222,1
0000045.jpg,16,0.5780845880508423,0.4548988938331604,0.03029065765440464,369,218,1
0000045.jpg,17,0.6134234666824341,0.43818604946136475,-0.048909060657024384,392,210,1
0000045.jpg,18,0.5867538452148438,0.47275352478027344,-0.02814183570444584,375,226,1
0000045.jpg,19,0.5878438949584961,0.4722174108028412,-0.006120956037193537,376,226,1
0000045.jpg,20,0.5962749123573303,0.46313586831092834,0.008668028749525547,381,222,1
0000046.jpg,0,0.6509432792663574,0.35207992792129517,-3.6979061405872926e-05,416,168,1
0000046.jpg,1,0.6136358976364136,0.3463857173919678,0.04250255599617958,392,166,1
0000046.jpg,2,0.5832206606864929,0.3598654866218567,0.049367669969797134,373,172,1
0000046.jpg,3,0.5638861060142517,0.38269108533859253,0.05063348263502121,360,183,1
0000046.jpg,4,0.554553747177124,0.40512555837631226,0.05016929283738136,354,194,1
0000046.jpg,5,0.565907895565033,0.36686378717422485,-0.019545843824744225,362,176,1
0000046.jpg,6,0.5217115879058838,0.4024278223514557,-0.022438757121562958,333,193,1
0000046.jpg,7,0.49816954135894775,0.42536842823028564,-0.0169060081243515,318,204,1
0000046.jpg,8,0.4794042110443115,0.4410752058029175,-0.012577642686665058,306,211,1
0000046.jpg,9,0.5785372853279114,0.3894988000392914,-0.0348665826022625,370,186,1
0000046.jpg,10,0.5370229482650757,0.4376596212387085,-0.029049918055534363,343,210,1
0000046.jpg,11,0.5338400602340698,0.4593381881713867,8.324774535140023e-05,341,220,1
0000046.jpg,12,0.5390517711639404,0.46432656049728394,0.02150459587574005,344,222,1
0000046.jpg,13,0.594739556312561,0.41421616077423096,-0.04425827041268349,380,198,1
0000046.jpg,14,0.5611534118652344,0.4602729082107544,-0.026035187765955925,359,220,1
0000046.jpg,15,0.5667514204978943,0.46533358097076416,0.007722087670117617,362,223,1
0000046.jpg,16,0.577307939529419,0.4565035104751587,0.028109915554523468,369,219,1
0000046.jpg,17,0.6136692762374878,0.43787872791290283,-0.05022995546460152,392,210,1
0000046.jpg,18,0.5868017673492432,0.47317615151405334,-0.031374260783195496,375,227,1
0000046.jpg,19,0.5875919461250305,0.47364890575408936,-0.009415983222424984,376,227,1
0000046.jpg,20,0.5957351922988892,0.46528831124305725,0.006122978404164314,381,223,1
0000047.jpg,0,0.651301383972168,0.35420945286750793,-3.448575080255978e-05,416,170,1
0000047.jpg,1,0.6129011511802673,0.34807294607162476,0.040654927492141724,392,167,1
0000047.jpg,2,0.5823273658752441,0.361442506313324,0.04621084779500961,372,173,1
0000047.jpg,3,0.5620844960212708,0.3841515779495239,0.0467965230345726,359,184,1
0000047.jpg,4,0.551772952079773,0.40712469816207886,0.04563014209270477,353,195,1
0000047.jpg,5,0.5659006834030151,0.36723214387893677,-0.023646842688322067,362,176,1
0000047.jpg,6,0.5216897130012512,0.4022195041179657,-0.026408178731799126,333,193,1
0000047.jpg,7,0.4984809160232544,0.42522406578063965,-0.02004591003060341,319,204,1
0000047.jpg,8,0.4800246059894562,0.4411435127258301,-0.015112065710127354,307,211,1
0000047.jpg,9,0.5788857340812683,0.39071911573410034,-0.03782514110207558,370,187,1
0000047.jpg,10,0.5376784801483154,0.43863043189048767,-0.0309878159314394,344,210,1
0000047.jpg,11,0.5348299741744995,0.46014267206192017,-0.0004987960564903915,342,220,1
0000047.jpg,12,0.5400972366333008,0.465390145778656,0.021317709237337112,345,223,1
0000047.jpg,13,0.5950339436531067,0.41610002517700195,-0.046163707971572876,380,199,1
0000047.jpg,14,0.5614645481109619,0.4610973000526428,-0.025976931676268578,359,221,1
0000047.jpg,15,0.5673122406005859,0.4646700918674469,0.009129534475505352,363,223,1
0000047.jpg,16,0.577807605266571,0.45541733503341675,0.02944006584584713,369,218,1
0000047.jpg,17,0.6132937073707581,0.44006845355033875,-0.05121718719601631,392,211,1
0000047.jpg,18,0.5862200856208801,0.47381168603897095,-0.030829252675175667,375,227,1
0000047.jpg,19,0.587005078792572,0.47340142726898193,-0.008365227840840816,375,227,1
0000047.jpg,20,0.5949697494506836,0.4651164710521698,0.006679207552224398,380,223,1
0000048.jpg,0,0.650676429271698,0.3543664216995239,-3.563222344382666e-05,416,170,1
0000048.jpg,1,0.6131814122200012,0.34763532876968384,0.040541183203458786,392,166,1
0000048.jpg,2,0.5822744369506836,0.36035045981407166,0.04652959853410721,372,172,1
0000048.jpg,3,0.5616346597671509,0.38206177949905396,0.0476551353931427,359,183,1
0000048.jpg,4,0.5514163374900818,0.40415817499160767,0.04726157709956169,352,193,1
0000048.jpg,5,0.5660567879676819,0.3684057593345642,-0.02358672209084034,362,176,1
0000048.jpg,6,0.5213977098464966,0.4033588469028473,-0.026257654651999474,333,193,1
0000048.jpg,7,0.49781909584999084,0.425883948802948,-0.020251251757144928,318,204,1
0000048.jpg,8,0.4790187478065491,0.441220223903656,-0.015554548241198063,306,211,1
0000048.jpg,9,0.5788266658782959,0.39203232526779175,-0.03751864656805992,370,188,1
0000048.jpg,10,0.5373828411102295,0.4398256540298462,-0.031053336337208748,343,211,1
0000048.jpg,11,0.5346188545227051,0.46017804741859436,-0.00040039472514763474,342,220,1
0000048.jpg,12,0.5404207110404968,0.46421438455581665,0.021900834515690804,345,222,1
0000048.jpg,13,0.5949504375457764,0.41705071926116943,-0.045705147087574005,380,200,1
0000048.jpg,14,0.5615397095680237,0.461567223072052,-0.026132857427001,359,221,1
0000048.jpg,15,0.567392885684967,0.46385064721107483,0.008661757223308086,363,222,1
0000048.jpg,16,0.5780032873153687,0.4537157714366913,0.029112383723258972,369,217,1
0000048.jpg,17,0.6133171916007996,0.44033971428871155,-0.05067124590277672,392,211,1
0000048.jpg,18,0.5863201022148132,0.47408270835876465,-0.03110594116151333,375,227,1
0000048.jpg,19,0.5873098373413086,0.47295913100242615,-0.00936146266758442,375,227,1
0000048.jpg,20,0.5955052375793457,0.4638638496398926,0.00535811111330986,381,222,1
0000049.jpg,0,0.6509385704994202,0.3551728427410126,-3.518734229146503e-05,416,170,1
0000049.jpg,1,0.6131505370140076,0.3484303057193756,0.040602296590805054,392,167,1
0000049.jpg,2,0.5823436975479126,0.36140137910842896,0.046453867107629776,372,173,1
0000049.jpg,3,0.5621069669723511,0.3835609257221222,0.04731081798672676,359,184,1
0000049.jpg,4,0.5519962310791016,0.40596768260002136,0.046629127115011215,353,194,1
0000049.jpg,5,0.5659965872764587,0.3682013154029846,-0.022637447342276573,362,176,1
0000049.jpg,6,0.5214613676071167,0.4031699299812317,-0.02520955540239811,333,193,1
0000049.jpg,7,0.49798083305358887,0.4257930815219879,-0.0189532283693552,318,204,1
0000049.jpg,8,0.4794760048389435,0.4411524534225464,-0.014322973787784576,306,211,1
0000049.jpg,9,0.5788906216621399,0.3916632831096649,-0.037067070603370667,370,187,1
0000049.jpg,10,0.5375121235847473,0.43908506631851196,-0.0313909687101841,344,210,1
0000049.jpg,11,0.5337770581245422,0.45996272563934326,-0.0016749295173212886,341,220,1
0000049.jpg,12,0.5390906929969788,0.46452659368515015,0.020009929314255714,345,222,1
0000049.jpg,13,0.5950588583946228,0.4168723225593567,-0.04575113579630852,380,200,1
0000049.jpg,14,0.561432421207428,0.4615088403224945,-0.026765059679746628,359,221,1
0000049.jpg,15,0.566843569278717,0.4646606147289276,0.007668521720916033,362,223,1
0000049.jpg,16,0.5775705575942993,0.4549599587917328,0.027834385633468628,369,218,1
0000049.jpg,17,0.6135169863700867,0.44047749042510986,-0.05111376941204071,392,211,1
0000049.jpg,18,0.5864720940589905,0.47441548109054565,-0.0317070335149765,375,227,1
0000049.jpg,19,0.587000846862793,0.47371047735214233,-0.009748074226081371,375,227,1
0000049.jpg,20,0.5949926972389221,0.46494197845458984,0.005111012142151594,380,223,1
0000050.jpg,0,0.6507749557495117,0.3551512062549591,-3.51887647411786e-05,416,170,1
0000050.jpg,1,0.6130537390708923,0.3481263816356659,0.04015098139643669,392,167,1
0000050.jpg,2,0.5820281505584717,0.3602954149246216,0.04584589600563049,372,172,1
0000050.jpg,3,0.5610707402229309,0.3815505802631378,0.046816058456897736,359,183,1
0000050.jpg,4,0.5505712032318115,0.4032442569732666,0.04622789844870567,352,193,1
0000050.jpg,5,0.5657047629356384,0.3687024712562561,-0.02316875196993351,362,176,1
0000050.jpg,6,0.5215167999267578,0.4035657048225403,-0.025814373046159744,333,193,1
0000050.jpg,7,0.49808016419410706,0.4261087477207184,-0.0198778435587883,318,204,1
0000050.jpg,8,0.47933369874954224,0.4414482116699219,-0.015294772572815418,306,211,1
0000050.jpg,9,0.5784972310066223,0.3923022150993347,-0.03732161223888397,370,188,1
0000050.jpg,10,0.5376806259155273,0.44045495986938477,-0.03121192567050457,344,211,1
0000050.jpg,11,0.5351306200027466,0.46109169721603394,-0.0013487519463524222,342,221,1
0000050.jpg,12,0.5410511493682861,0.46525153517723083,0.020270347595214844,346,223,1
0000050.jpg,13,0.5946899056434631,0.41742223501205444,-0.04570028930902481,380,200,1
0000050.jpg,14,0.5619779229164124,0.46237707138061523,-0.026392310857772827,359,221,1
0000050.jpg,15,0.5678154230117798,0.4648524224758148,0.007948596961796284,363,223,1
0000050.jpg,16,0.578227162361145,0.45493799448013306,0.028069010004401207,370,218,1
0000050.jpg,17,0.6131793856620789,0.4408093988895416,-0.05087049677968025,392,211,1
0000050.jpg,18,0.5866560935974121,0.4749346077442169,-0.03119642287492752,375,227,1
0000050.jpg,19,0.5876125693321228,0.47365617752075195,-0.00950802955776453,376,227,1
0000050.jpg,20,0.5955266356468201,0.46463072299957275,0.005032484885305166,381,223,1
0000051.jpg,0,0.6506770849227905,0.35512110590934753,-3.0426441298914142e-05,416,170,1
0000051.jpg,1,0.6129314303398132,0.34918782114982605,0.040852826088666916,392,167,1
0000051.jpg,2,0.5825297832489014,0.36212655901908875,0.04710377752780914,372,173,1
0000051.jpg,3,0.5622339248657227,0.3837631642818451,0.04844449460506439,359,184,1
0000051.jpg,4,0.5517382025718689,0.40561333298683167,0.048453204333782196,353,194,1
0000051.jpg,5,0.5658772587776184,0.36938318610191345,-0.02177150547504425,362,177,1
0000051.jpg,6,0.5216651558876038,0.40377575159072876,-0.024535218253731728,333,193,1
0000051.jpg,7,0.49810028076171875,0.42633742094039917,-0.018973274156451225,318,204,1
0000051.jpg,8,0.47935694456100464,0.44155535101890564,-0.014772914350032806,306,211,1
0000051.jpg,9,0.5786782503128052,0.3924500346183777,-0.03604345768690109,370,188,1
0000051.jpg,10,0.537517786026001,0.4401673376560211,-0.02964274026453495,344,211,1
0000051.jpg,11,0.5354580283164978,0.4609031081199646,0.0008278193417936563,342,221,1
0000051.jpg,12,0.541941225528717,0.4649817645549774,0.02279730699956417,346,223,1
0000051.jpg,13,0.5948395729064941,0.41741740703582764,-0.04461073875427246,380,200,1
0000051.jpg,14,0.56187504529953,0.4622105062007904,-0.024999478831887245,359,221,1
0000051.jpg,15,0.5677551627159119,0.4653606116771698,0.009665217250585556,363,223,1
0000051.jpg,16,0.5783472657203674,0.4558248221874237,0.02978966385126114,370,218,1
0000051.jpg,17,0.6133095622062683,0.44088584184646606,-0.0499073751270771,392,211,1
0000051.jpg,18,0.5869867205619812,0.4748591482639313,-0.029799379408359528,375,227,1
0000051.jpg,19,0.5878168344497681,0.47409915924072266,-0.007502621039748192,376,227,1
0000051.jpg,20,0.5956714153289795,0.46551141142845154,0.007512080017477274,381,223,1
0000052.jpg,0,0.6508979797363281,0.35408005118370056,-3.551984264049679e-05,416,169,1
0000052.jpg,1,0.6142100095748901,0.34760504961013794,0.040712691843509674,393,166,1
0000052.jpg,2,0.5840761065483093,0.36048978567123413,0.046933889389038086,373,173,1
0000052.jpg,3,0.5646169185638428,0.3822312653064728,0.0482872910797596,361,183,1
0000052.jpg,4,0.555180549621582,0.40456604957580566,0.04845798760652542,355,194,1
0000052.jpg,5,0.5665888786315918,0.3685213029384613,-0.021647490561008453,362,176,1
0000052.jpg,6,0.5217770338058472,0.40298253297805786,-0.024674108251929283,333,193,1
0000052.jpg,7,0.49786311388015747,0.42560720443725586,-0.019861359149217606,318,204,1
0000052.jpg,8,0.47887319326400757,0.44120246171951294,-0.016540059819817543,306,211,1
0000052.jpg,9,0.5792025923728943,0.3920016586780548,-0.03602876141667366,370,188,1
0000052.jpg,10,0.5377085208892822,0.4397565424442291,-0.03111276775598526,344,211,1
0000052.jpg,11,0.5349056720733643,0.4602819085121155,-0.0018455864628776908,342,220,1
0000052.jpg,12,0.541009247303009,0.4639650583267212,0.019612547010183334,346,222,1
0000052.jpg,13,0.5952208042144775,0.4171917736530304,-0.04479051008820534,380,200,1
0000052.jpg,14,0.5618628859519958,0.46210989356040955,-0.026563523337244987,359,221,1
0000052.jpg,15,0.5678586959838867,0.46509069204330444,0.0073251668363809586,363,223,1
0000052.jpg,16,0.5789036750793457,0.45504075288772583,0.02704656310379505,370,218,1
0000052.jpg,17,0.6137130260467529,0.44076699018478394,-0.050311483442783356,392,211,1
0000052.jpg,18,0.5867372751235962,0.4748437702655792,-0.031438764184713364,375,227,1
0000052.jpg,19,0.5876205563545227,0.47405925393104553,-0.010052426718175411,376,227,1
0000052.jpg,20,0.5958619713783264,0.46519604325294495,0.004413265734910965,381,223,1
0000053.jpg,0,0.6515214443206787,0.35482677817344666,-3.56111086148303e-05,416,170,1
0000053.jpg,1,0.6141541004180908,0.34809476137161255,0.040261223912239075,393,167,1
0000053.jpg,2,0.5832887887954712,0.3608076572418213,0.04561969265341759,373,173,1
0000053.jpg,3,0.5627149939537048,0.382983922958374,0.04615801200270653,360,183,1
0000053.jpg,4,0.551952064037323,0.40546491742134094,0.045319583266973495,353,194,1
0000053.jpg,5,0.5665050745010376,0.3683917820453644,-0.023141955956816673,362,176,1
0000053.jpg,6,0.5218504071235657,0.4031710624694824,-0.025880949571728706,333,193,1
0000053.jpg,7,0.49777379631996155,0.4255509078502655,-0.020176323130726814,318,204,1
0000053.jpg,8,0.4785194396972656,0.4408290982246399,-0.015944676473736763,306,211,1
0000053.jpg,9,0.5793799161911011,0.39180856943130493,-0.03715601935982704,370,188,1
0000053.jpg,10,0.5381066799163818,0.4393359422683716,-0.030797738581895828,344,210,1
0000053.jpg,11,0.5338039398193359,0.460554838180542,-0.000900059996638447,341,221,1
0000053.jpg,12,0.5381820797920227,0.46561864018440247,0.020628981292247772,344,223,1
0000053.jpg,13,0.595425546169281,0.4170001447200775,-0.04525955766439438,381,200,1
0000053.jpg,14,0.5620875954627991,0.46197038888931274,-0.02518482506275177,359,221,1
0000053.jpg,15,0.5678605437278748,0.4649752974510193,0.010211636312305927,363,223,1
0000053.jpg,16,0.5783952474594116,0.45526960492134094,0.030546093359589577,370,218,1
0000053.jpg,17,0.6137073040008545,0.44068336486816406,-0.05024774372577667,392,211,1
0000053.jpg,18,0.5867026448249817,0.47473472356796265,-0.02955974079668522,375,227,1
0000053.jpg,19,0.5874810814857483,0.47366151213645935,-0.006757111754268408,375,227,1
0000053.jpg,20,0.5955587029457092,0.46470150351524353,0.00842389278113842,381,223,1
0000054.jpg,0,0.6515079140663147,0.35515373945236206,-3.779809412662871e-05,416,170,1
0000054.jpg,1,0.6140053272247314,0.34747475385665894,0.04017799347639084,392,166,1
0000054.jpg,2,0.5829753279685974,0.35965633392333984,0.046318426728248596,373,172,1
0000054.jpg,3,0.5625764727592468,0.38167959451675415,0.047801509499549866,360,183,1
0000054.jpg,4,0.5527297258377075,0.40423518419265747,0.047969188541173935,353,194,1
0000054.jpg,5,0.5667197704315186,0.3684762716293335,-0.02316064015030861,362,176,1
0000054.jpg,6,0.5218843817710876,0.4034643769264221,-0.02497161738574505,334,193,1
0000054.jpg,7,0.4982714056968689,0.4260011911392212,-0.018263377249240875,318,204,1
0000054.jpg,8,0.47981640696525574,0.44126683473587036,-0.013275623321533203,307,211,1
0000054.jpg,9,0.5796539187431335,0.3927114009857178,-0.0366554781794548,370,188,1
0000054.jpg,10,0.538008451461792,0.4401669204235077,-0.029532363638281822,344,211,1
0000054.jpg,11,0.5347084999084473,0.4604674279689789,0.0010534825269132853,342,221,1
0000054.jpg,12,0.540320634841919,0.46466782689094543,0.022894619032740593,345,223,1
0000054.jpg,13,0.5957378149032593,0.41809210181236267,-0.04427006468176842,381,200,1
0000054.jpg,14,0.5619303584098816,0.4621220827102661,-0.02394871972501278,359,221,1
0000054.jpg,15,0.5675874948501587,0.46409547328948975,0.011516002006828785,363,222,1
0000054.jpg,16,0.5782455801963806,0.45384150743484497,0.03196943551301956,370,217,1
0000054.jpg,17,0.613894522190094,0.4413978159427643,-0.04873870685696602,392,211,1
0000054.jpg,18,0.5865336060523987,0.4745733439922333,-0.028304792940616608,375,227,1
0000054.jpg,19,0.5872206687927246,0.4731917977333069,-0.006013487000018358,375,227,1
0000054.jpg,20,0.5952720046043396,0.4643501937389374,0.008760089986026287,380,222,1
0000055.jpg,0,0.6509516835212708,0.35558009147644043,-3.4488082746975124e-05,416,170,1
0000055.jpg,1,0.6137021780014038,0.34882983565330505,0.04024946317076683,392,167,1
0000055.jpg,2,0.583191454410553,0.36064350605010986,0.04599550738930702,373,173,1
0000055.jpg,3,0.5625902414321899,0.3819333016872406,0.046868715435266495,360,183,1
0000055.jpg,4,0.5524390339851379,0.4037036895751953,0.046511851251125336,353,193,1
0000055.jpg,5,0.5665300488471985,0.3693996071815491,-0.02176804281771183,362,177,1
0000055.jpg,6,0.5220394730567932,0.4040028750896454,-0.024069182574748993,334,193,1
0000055.jpg,7,0.49827998876571655,0.4262809753417969,-0.01851157657802105,318,204,1
0000055.jpg,8,0.47924795746803284,0.44156983494758606,-0.014691545628011227,306,211,1
0000055.jpg,9,0.5790979862213135,0.39279165863990784,-0.036046504974365234,370,188,1
0000055.jpg,10,0.5378742814064026,0.44074758887290955,-0.029748117551207542,344,211,1
0000055.jpg,11,0.5354410409927368,0.46103668212890625,-0.00010277763067279011,342,221,1
0000055.jpg,12,0.5418016910552979,0.46490153670310974,0.021039564162492752,346,223,1
0000055.jpg,13,0.5950714945793152,0.41781023144721985,-0.0446426123380661,380,200,1
0000055.jpg,14,0.5622064471244812,0.46222129464149475,-0.02535470388829708,359,221,1
0000055.jpg,15,0.5685721635818481,0.46448540687561035,0.008257065899670124,363,222,1
0000055.jpg,16,0.5796448588371277,0.45431309938430786,0.027318786829710007,370,218,1
0000055.jpg,17,0.6133372783660889,0.4411870241165161,-0.0499916598200798,392,211,1
0000055.jpg,18,0.5864486694335938,0.47485944628715515,-0.030329439789056778,375,227,1
0000055.jpg,19,0.5878649353981018,0.47349655628204346,-0.008966575376689434,376,227,1
0000055.jpg,20,0.5965432524681091,0.4642845690250397,0.004914493765681982,381,222,1
0000056.jpg,0,0.6507959365844727,0.35528045892715454,-3.386475145816803e-05,416,170,1
0000056.jpg,1,0.6137117743492126,0.34863975644111633,0.039388369768857956,392,167,1
0000056.jpg,2,0.5826237201690674,0.36159053444862366,0.04453027620911598,372,173,1
0000056.jpg,3,0.5617399215698242,0.3834667503833771,0.04494636505842209,359,184,1
0000056.jpg,4,0.5511988997459412,0.40586796402931213,0.04396677017211914,352,194,1
0000056.jpg,5,0.5664538741111755,0.368960440158844,-0.02423042431473732,362,177,1
0000056.jpg,6,0.5218989253044128,0.4038532078266144,-0.02725945971906185,334,193,1
0000056.jpg,7,0.4978923797607422,0.4264558255672455,-0.021770376712083817,318,204,1
0000056.jpg,8,0.47861871123313904,0.44182440638542175,-0.01812659204006195,306,212,1
0000056.jpg,9,0.5793501138687134,0.392476350069046,-0.03827716410160065,370,188,1
0000056.jpg,10,0.5381675958633423,0.44086846709251404,-0.03242190182209015,344,211,1
0000056.jpg,11,0.5357422828674316,0.4614396393299103,-0.002586605492979288,342,221,1
0000056.jpg,12,0.5421617031097412,0.4650319814682007,0.018936410546302795,346,223,1
0000056.jpg,13,0.5954397916793823,0.41763126850128174,-0.04666982963681221,381,200,1
0000056.jpg,14,0.5623053908348083,0.4623028635978699,-0.027415229007601738,359,221,1
0000056.jpg,15,0.5683363676071167,0.46486034989356995,0.0065909880213439465,363,223,1
0000056.jpg,16,0.5792723298072815,0.45464661717414856,0.025948690250515938,370,218,1
0000056.jpg,17,0.6135640144348145,0.44119688868522644,-0.05189333111047745,392,211,1
0000056.jpg,18,0.5865094661712646,0.47499239444732666,-0.03211469203233719,375,227,1
0000056.jpg,19,0.5874366760253906,0.4740001857280731,-0.010219086892902851,375,227,1
0000056.jpg,20,0.5958082675933838,0.465009868144989,0.003979569301009178,381,223,1
0000057.jpg,0,0.6514102220535278,0.3556036353111267,-3.338490932947025e-05,416,170,1
0000057.jpg,1,0.613692581653595,0.3490856885910034,0.04083627834916115,392,167,1
0000057.jpg,2,0.5829091668128967,0.3611365258693695,0.04665612429380417,373,173,1
0000057.jpg,3,0.5621387958526611,0.3822324573993683,0.04764840006828308,359,183,1
0000057.jpg,4,0.5513485074043274,0.40427541732788086,0.047425515949726105,352,194,1
0000057.jpg,5,0.5667827725410461,0.36920344829559326,-0.02222990244626999,362,177,1
0000057.jpg,6,0.521902859210968,0.403988778591156,-0.025176096707582474,334,193,1
0000057.jpg,7,0.49781620502471924,0.42636725306510925,-0.019937733188271523,318,204,1
0000057.jpg,8,0.47853419184684753,0.4416400194168091,-0.01618914306163788,306,211,1
0000057.jpg,9,0.5796359181404114,0.39241936802864075,-0.03646261990070343,370,188,1
0000057.jpg,10,0.5382595062255859,0.43980687856674194,-0.030565833672881126,344,211,1
0000057.jpg,11,0.5341993570327759,0.4609091877937317,-0.0010425244690850377,341,221,1
0000057.jpg,12,0.5388436317443848,0.46612682938575745,0.02032502554357052,344,223,1
0000057.jpg,13,0.5956738591194153,0.4173625707626343,-0.04491516202688217,381,200,1
0000057.jpg,14,0.5620191693305969,0.462037056684494,-0.025228966027498245,359,221,1
0000057.jpg,15,0.5677631497383118,0.464695006608963,0.010399086400866508,363,223,1
0000057.jpg,16,0.5782977938652039,0.45504409074783325,0.03109024092555046,370,218,1
0000057.jpg,17,0.6139073967933655,0.4408070147037506,-0.05015857145190239,392,211,1
0000057.jpg,18,0.5867034792900085,0.47472015023231506,-0.029922600835561752,375,227,1
0000057.jpg,19,0.5873447060585022,0.4735525846481323,-0.007018173113465309,375,227,1
0000057.jpg,20,0.595230758190155,0.4646866023540497,0.008405930362641811,380,223,1
0000058.jpg,0,0.6514374613761902,0.3546384274959564,-3.388096229173243e-05,416,170,1
0000058.jpg,1,0.6139311194419861,0.34763121604919434,0.04056832194328308,392,166,1
0000058.jpg,2,0.5832699537277222,0.35960352420806885,0.04681304097175598,373,172,1
0000058.jpg,3,0.5628714561462402,0.380758672952652,0.04815663397312164,360,182,1
0000058.jpg,4,0.5531999468803406,0.4027634561061859,0.0482630617916584,354,193,1
0000058.jpg,5,0.5662907958030701,0.36859503388404846,-0.02146739885210991,362,176,1
0000058.jpg,6,0.5217163562774658,0.40347975492477417,-0.02355939708650112,333,193,1
0000058.jpg,7,0.4979732632637024,0.4261295795440674,-0.01777782291173935,318,204,1
0000058.jpg,8,0.4791049361228943,0.44155353307724,-0.01362752728164196,306,211,1
0000058.jpg,9,0.5790765881538391,0.39233580231666565,-0.03519906848669052,370,188,1
0000058.jpg,10,0.5380282998085022,0.4399723410606384,-0.02874307706952095,344,211,1
0000058.jpg,11,0.5348310470581055,0.46070998907089233,0.0009287373395636678,342,221,1
0000058.jpg,12,0.5403721332550049,0.46525534987449646,0.0223299078643322,345,223,1
0000058.jpg,13,0.595176100730896,0.41752487421035767,-0.04307164251804352,380,200,1
0000058.jpg,14,0.5620977282524109,0.4622558057308197,-0.022844651713967323,359,221,1
0000058.jpg,15,0.5678703188896179,0.464682012796402,0.012189601548016071,363,223,1
0000058.jpg,16,0.578498363494873,0.45480412244796753,0.03235742822289467,370,218,1
0000058.jpg,17,0.6134884357452393,0.44093868136405945,-0.047843728214502335,392,211,1
0000058.jpg,18,0.5867390036582947,0.47504085302352905,-0.027158714830875397,375,228,1
0000058.jpg,19,0.5876689553260803,0.473726361989975,-0.004807895049452782,376,227,1
0000058.jpg,20,0.5959039330482483,0.464829683303833,0.010124203749001026,381,223,1
